0 0 9.15008
1 0 9.68819
2 0 10.2353
3 0 10.2488
4 0 10.6229
5 0 10.7724
6 0 10.6851
7 0 10.8239
8 0 11.0311
9 0 11.0522
10 0 10.7008
11 0 10.8677
12 0 10.5959
13 0 10.7722
14 0 10.7779
15 0 10.5991
16 0 10.306
17 0 10.1829
18 0 9.41584
19 0 9.15012
20 0 8.62708

0 1 9.78062
1 1 10.5027
2 1 10.8152
3 1 10.9425
4 1 11.3883
5 1 11.2397
6 1 11.5554
7 1 11.5923
8 1 11.4697
9 1 11.6051
10 1 11.435
11 1 11.5562
12 1 11.4304
13 1 11.1043
14 1 11.1743
15 1 11.0561
16 1 10.9534
17 1 10.8307
18 1 10.3048
19 1 9.9188
20 1 9.18357

0 2 10.1046
1 2 11.033
2 2 11.1291
3 2 11.6329
4 2 11.7384
5 2 11.8482
6 2 12.0629
7 2 12.0597
8 2 12.1902
9 2 12.2135
10 2 12.1061
11 2 12.0893
12 2 12.1151
13 2 11.8259
14 2 11.9734
15 2 11.7166
16 2 11.4855
17 2 11.4388
18 2 10.9956
19 2 10.7968
20 2 9.7547

0 3 10.5268
1 3 11.1511
2 3 11.6532
3 3 11.9264
4 3 12.1191
5 3 12.5984
6 3 12.5824
7 3 12.6454
8 3 12.5503
9 3 12.6051
10 3 12.5138
11 3 12.5471
12 3 12.2762
13 3 12.4935
14 3 12.4067
15 3 12.1909
16 3 12.0346
17 3 11.8737
18 3 11.4606
19 3 10.798
20 3 10.471

0 4 10.68
1 4 11.3066
2 4 11.5372
3 4 12.1517
4 4 12.5591
5 4 12.7865
6 4 12.9064
7 4 12.9927
8 4 12.9352
9 4 13.0303
10 4 12.803
11 4 12.9758
12 4 12.8942
13 4 12.7835
14 4 12.6716
15 4 12.4959
16 4 12.4883
17 4 12.055
18 4 11.6068
19 4 11.1119
20 4 10.1073

0 5 10.8536
1 5 11.2224
2 5 11.8049
3 5 12.4271
4 5 12.5717
5 5 12.9846
6 5 13.1167
7 5 13.2512
8 5 13.3725
9 5 13.3411
10 5 13.2916
11 5 13.2102
12 5 13.2245
13 5 13.1636
14 5 12.9948
15 5 12.888
16 5 12.6164
17 5 12.511
18 5 11.6964
19 5 11.3443
20 5 10.2024

0 6 10.8902
1 6 11.3981
2 6 12.0524
3 6 12.4677
4 6 12.9147
5 6 13.1402
6 6 13.3331
7 6 13.4351
8 6 13.5105
9 6 13.5832
10 6 13.4884
11 6 13.5191
12 6 13.4704
13 6 13.4
14 6 13.2642
15 6 12.9975
16 6 12.8499
17 6 12.4484
18 6 12.1645
19 6 11.3208
20 6 10.3848

0 7 10.6641
1 7 11.4238
2 7 12.0262
3 7 12.5722
4 7 12.7434
5 7 13.1729
6 7 13.416
7 7 13.5583
8 7 13.6186
9 7 13.6589
10 7 13.6466
11 7 13.6978
12 7 13.6731
13 7 13.5636
14 7 13.423
15 7 13.2035
16 7 12.8053
17 7 12.5376
18 7 11.9576
19 7 11.119
20 7 10.6136

0 8 10.5734
1 8 11.3774
2 8 12.1151
3 8 12.4831
4 8 13.0492
5 8 13.2325
6 8 13.4231
7 8 13.6275
8 8 13.7247
9 8 13.7385
10 8 13.7482
11 8 13.7415
12 8 13.691
13 8 13.5638
14 8 13.4269
15 8 13.2248
16 8 12.9959
17 8 12.5146
18 8 11.9894
19 8 11.3627
20 8 10.8109

0 9 10.9495
1 9 11.5114
2 9 11.915
3 9 12.6082
4 9 12.8783
5 9 13.2986
6 9 13.4675
7 9 13.6198
8 9 13.7636
9 9 13.7896
10 9 13.7852
11 9 13.7709
12 9 13.7403
13 9 13.612
14 9 13.4661
15 9 13.2426
16 9 12.8566
17 9 12.679
18 9 11.8474
19 9 11.3282
20 9 10.3947

0 10 10.8803
1 10 11.4852
2 10 12.0063
3 10 12.3237
4 10 13.0251
5 10 13.2374
6 10 13.5044
7 10 13.7203
8 10 13.7528
9 10 13.7923
10 10 13.794
11 10 13.7895
12 10 13.7535
13 10 13.6504
14 10 13.5067
15 10 13.2338
16 10 12.8804
17 10 12.4555
18 10 11.8548
19 10 11.1945
20 10 10.6995

0 11 10.8381
1 11 11.549
2 11 12.186
3 11 12.6959
4 11 13.0555
5 11 13.259
6 11 13.5828
7 11 13.6572
8 11 13.7616
9 11 13.7888
10 11 13.7933
11 11 13.7761
12 11 13.7234
13 11 13.6433
14 11 13.4831
15 11 13.2014
16 11 12.9943
17 11 12.4649
18 11 12.085
19 11 11.1966
20 11 10.4782

0 12 10.8539
1 12 11.433
2 12 11.9208
3 12 12.579
4 12 12.9202
5 12 13.2855
6 12 13.5412
7 12 13.6629
8 12 13.7194
9 12 13.7619
10 12 13.7569
11 12 13.7489
12 12 13.7067
13 12 13.6504
14 12 13.5179
15 12 13.2926
16 12 12.8514
17 12 12.4031
18 12 12.0467
19 12 11.332
20 12 10.5637

0 13 10.4647
1 13 11.5836
2 13 11.964
3 13 12.5127
4 13 12.9576
5 13 13.3348
6 13 13.4966
7 13 13.5836
8 13 13.6842
9 13 13.6649
10 13 13.6957
11 13 13.6886
12 13 13.6535
13 13 13.5913
14 13 13.4504
15 13 13.1816
16 13 13.026
17 13 12.4627
18 13 11.8763
19 13 11.4014
20 13 10.6424

0 14 10.7516
1 14 11.3496
2 14 11.9067
3 14 12.5749
4 14 12.8292
5 14 13.1587
6 14 13.3219
7 14 13.4993
8 14 13.4894
9 14 13.5526
10 14 13.4754
11 14 13.4429
12 14 13.4534
13 14 13.4354
14 14 13.3013
15 14 13.1052
16 14 12.8312
17 14 12.4635
18 14 11.8901
19 14 11.5953
20 14 10.5111

0 15 10.7906
1 15 11.1682
2 15 11.8039
3 15 12.3464
4 15 12.6455
5 15 12.9051
6 15 13.2369
7 15 13.2435
8 15 13.2605
9 15 13.367
10 15 13.2714
11 15 13.351
12 15 13.3295
13 15 13.1771
14 15 13.1211
15 15 13.04
16 15 12.7125
17 15 12.4897
18 15 11.9144
19 15 11.5271
20 15 10.393

0 16 10.4129
1 16 11.2607
2 16 11.4738
3 16 12.0424
4 16 12.4943
5 16 12.6152
6 16 12.8571
7 16 12.969
8 16 12.9773
9 16 13.0414
10 16 12.9623
11 16 12.9849
12 16 12.82
13 16 12.8769
14 16 12.9356
15 16 12.7715
16 16 12.5677
17 16 12.1011
18 16 11.6505
19 16 11.4634
20 16 10.6602

0 17 10.0669
1 17 10.8076
2 17 11.3214
3 17 11.697
4 17 12.1465
5 17 12.0666
6 17 12.5076
7 17 12.6683
8 17 12.5945
9 17 12.646
10 17 12.5818
11 17 12.3464
12 17 12.5853
13 17 12.4557
14 17 12.5341
15 17 12.344
16 17 12.2381
17 17 12.0623
18 17 11.7827
19 17 11.1849
20 17 10.2873

0 18 9.79149
1 18 10.5352
2 18 11.0128
3 18 11.2664
4 18 11.559
5 18 11.9444
6 18 11.9117
7 18 11.7651
8 18 12.105
9 18 12.0466
10 18 12.1241
11 18 11.972
12 18 11.9
13 18 12.0131
14 18 11.863
15 18 11.8131
16 18 11.8956
17 18 11.7037
18 18 11.1917
19 18 10.8339
20 18 10.0897

0 19 9.27641
1 19 10.0529
2 19 9.9542
3 19 10.9543
4 19 11.1071
5 19 11.0688
6 19 11.4641
7 19 11.4305
8 19 11.4634
9 19 11.7169
10 19 11.204
11 19 11.4136
12 19 11.5492
13 19 11.597
14 19 11.4918
15 19 11.3738
16 19 11.1083
17 19 11.1948
18 19 10.7414
19 19 10.4353
20 19 9.45307

0 20 8.73752
1 20 9.31352
2 20 9.70179
3 20 10.277
4 20 10.6111
5 20 10.4878
6 20 10.7719
7 20 10.8972
8 20 10.6787
9 20 10.8532
10 20 10.873
11 20 10.4811
12 20 10.6154
13 20 10.742
14 20 10.5608
15 20 10.6464
16 20 10.5263
17 20 10.4657
18 20 9.8941
19 20 9.5022
20 20 9.065

