0 0 0.472498
1 0 0.493943
2 0 0.5885
3 0 0.593343
4 0 0.52941
5 0 0.567063
6 0 0.601
7 0 0.748944
8 0 0.761422
9 0 0.831452
10 0 0.72507
11 0 0.784912
12 0 0.900761
13 0 1.01372
14 0 0.927979
15 0 0.91071
16 0 1.04786
17 0 1.34831
18 0 1.6148
19 0 1.87835
20 0 2.163

0 1 0.523824
1 1 0.463413
2 1 0.49819
3 1 0.522837
4 1 0.543204
5 1 0.635125
6 1 0.694481
7 1 1.16125
8 1 0.748805
9 1 0.814445
10 1 0.773977
11 1 0.906749
12 1 0.968753
13 1 1.25344
14 1 0.996612
15 1 0.935552
16 1 0.938502
17 1 1.10333
18 1 1.34455
19 1 1.7376
20 1 1.79838

0 2 0.50372
1 2 0.450642
2 2 0.467537
3 2 0.649091
4 2 0.633558
5 2 0.772967
6 2 1.17529
7 2 1.39495
8 2 1.30968
9 2 1.14364
10 2 0.915814
11 2 1.00913
12 2 1.107
13 2 1.34896
14 2 1.14491
15 2 1.01711
16 2 1.10699
17 2 1.00678
18 2 1.08475
19 2 1.45295
20 2 1.56049

0 3 0.432019
1 3 0.485446
2 3 0.60782
3 3 0.752165
4 3 0
5 3 0
6 3 0
7 3 0
8 3 0
9 3 0
10 3 0
11 3 0
12 3 0
13 3 0
14 3 0
15 3 0
16 3 0
17 3 0
18 3 0.900363
19 3 1.10097
20 3 1.27974

0 4 0.444098
1 4 0.508415
2 4 0.667372
3 4 0.899863
4 4 1.28033
5 4 0
6 4 0
7 4 0
8 4 0
9 4 0
10 4 0
11 4 0
12 4 0
13 4 0
14 4 0
15 4 0
16 4 0
17 4 0
18 4 0.81934
19 4 0.906367
20 4 1.07079

0 5 0.522849
1 5 0.63743
2 5 0.82052
3 5 0.949421
4 5 1.04238
5 5 1.05143
6 5 0
7 5 0
8 5 0
9 5 0
10 5 0
11 5 0
12 5 0
13 5 0
14 5 0
15 5 0
16 5 0
17 5 0
18 5 0.78186
19 5 0.643339
20 5 0.565273

0 6 0.523418
1 6 0.597739
2 6 0.693693
3 6 0.776253
4 6 0.890617
5 6 1.1352
6 6 1.60845
7 6 0
8 6 0
9 6 0
10 6 0
11 6 0
12 6 0
13 6 0
14 6 0
15 6 0
16 6 0
17 6 0
18 6 0.715926
19 6 0.591519
20 6 0.55875

0 7 0.424799
1 7 0.441488
2 7 0.558714
3 7 0.671681
4 7 0.767989
5 7 0.930003
6 7 1.0873
7 7 1.29983
8 7 0
9 7 0
10 7 0
11 7 0
12 7 0
13 7 0
14 7 0
15 7 0
16 7 0
17 7 0
18 7 0.782997
19 7 0.669092
20 7 0.573055

0 8 0.384931
1 8 0.375672
2 8 0.491244
3 8 0.547279
4 8 0.738377
5 8 0.801735
6 8 0.910287
7 8 1.05694
8 8 1.14241
9 8 0
10 8 0
11 8 0
12 8 0
13 8 0
14 8 0
15 8 0
16 8 0
17 8 0
18 8 1.21538
19 8 0.886524
20 8 0.681581

0 9 0.356767
1 9 0.381053
2 9 0.378922
3 9 0.487584
4 9 0.615551
5 9 0.693787
6 9 0.748932
7 9 0.892034
8 9 0.944402
9 9 1.42166
10 9 0
11 9 0
12 9 0
13 9 0
14 9 0
15 9 0
16 9 0
17 9 0
18 9 1.37511
19 9 1.1819
20 9 0.83116

0 10 0.757661
1 10 0.448427
2 10 0.328316
3 10 0.378245
4 10 0.444607
5 10 0.513467
6 10 0.656209
7 10 0.781211
8 10 0.915783
9 10 0.929282
10 10 1.17069
11 10 0
12 10 0
13 10 0
14 10 0
15 10 0
16 10 0
17 10 0
18 10 1.37515
19 10 1.29074
20 10 1.02033

0 11 1.09925
1 11 0.806613
2 11 0.451101
3 11 0.32026
4 11 0.378247
5 11 0.431659
6 11 0.544564
7 11 0.679568
8 11 0.798722
9 11 0.963928
10 11 0.975202
11 11 1.1284
12 11 0
13 11 0
14 11 0
15 11 0
16 11 0
17 11 0
18 11 1.42584
19 11 1.1861
20 11 1.01193

0 12 1.42371
1 12 1.15323
2 12 0.763253
3 12 0.36413
4 12 0.314859
5 12 0.345823
6 12 0.452907
7 12 0.552324
8 12 0.64678
9 12 0.836263
10 12 1.0376
11 12 1.80767
12 12 1.72872
13 12 0
14 12 0
15 12 0
16 12 0
17 12 0
18 12 1.33673
19 12 0.904756
20 12 0.753309

0 13 1.1567
1 13 1.20084
2 13 0.995033
3 13 0.536432
4 13 0.309177
5 13 0.304508
6 13 0.357924
7 13 0.438578
8 13 0.489318
9 13 0.702711
10 13 0.856791
11 13 1.06418
12 13 1.43422
13 13 1.5321
14 13 0
15 13 0
16 13 0
17 13 0
18 13 1.12653
19 13 0.809343
20 13 0.604328

0 14 1.22977
1 14 1.26594
2 14 0.925841
3 14 0.68997
4 14 0.37493
5 14 0.299714
6 14 0.316609
7 14 0.367204
8 14 0.466649
9 14 0.589626
10 14 0.738997
11 14 0.887233
12 14 0.997035
13 14 1.3795
14 14 1.16374
15 14 0
16 14 0
17 14 0
18 14 0.866035
19 14 0.724639
20 14 0.572211

0 15 1.19192
1 15 0.991664
2 15 0.751828
3 15 0.586582
4 15 0.391676
5 15 0.329992
6 15 0.306692
7 15 0.323249
8 15 0.364831
9 15 0.407737
10 15 0.596755
11 15 0.676745
12 15 0.73249
13 15 0.988502
14 15 0.84897
15 15 1.36444
16 15 0
17 15 0
18 15 0.803695
19 15 0.631722
20 15 0.611994

0 16 0.973547
1 16 0.81725
2 16 0.597053
3 16 0.453288
4 16 0.380831
5 16 0.365626
6 16 0.319568
7 16 0.309095
8 16 0.33641
9 16 0.418071
10 16 0.769046
11 16 0.512739
12 16 0.579886
13 16 0.705827
14 16 0.692586
15 16 0.855877
16 16 0.693088
17 16 0
18 16 0.616079
19 16 0.607574
20 16 0.66683

0 17 0.791868
1 17 0.600358
2 17 0.504709
3 17 0.43205
4 17 0.393887
5 17 0.359634
6 17 0.338935
7 17 0.314584
8 17 0.305276
9 17 0.339819
10 17 0.596789
11 17 0.440699
12 17 0.497016
13 17 0.550031
14 17 0.582296
15 17 0.648104
16 17 0.589648
17 17 0.600373
18 17 0.578981
19 17 0.813078
20 17 0.86286

0 18 0.555633
1 18 0.486662
2 18 0.435885
3 18 0.4187
4 18 0.395806
5 18 0.38166
6 18 0.3587
7 18 0.329594
8 18 0.309654
9 18 0.312867
10 18 0.321603
11 18 0.363517
12 18 0.395778
13 18 0.459382
14 18 0.519016
15 18 0.558904
16 18 0.555972
17 18 0.683942
18 18 0.945227
19 18 1.14572
20 18 1.14411

0 19 0.486043
1 19 0.453731
2 19 0.433147
3 19 0.414276
4 19 0.395109
5 19 0.386074
6 19 0.371313
7 19 0.365645
8 19 0.398322
9 19 0.377732
10 19 0.392274
11 19 0.322576
12 19 0.364224
13 19 0.417894
14 19 0.470349
15 19 0.556807
16 19 0.648405
17 19 0.998025
18 19 1.31935
19 19 1.45832
20 19 1.67192

0 20 0.463565
1 20 0.444168
2 20 0.424084
3 20 0.409567
4 20 0.39249
5 20 0.388059
6 20 0.381967
7 20 0.467527
8 20 0.5454
9 20 0.484885
10 20 0.553058
11 20 0.341614
12 20 0.402346
13 20 0.464147
14 20 0.612922
15 20 0.72864
16 20 0.875206
17 20 1.14848
18 20 1.68486
19 20 1.98685
20 20 1.66824

