0 0 0.22921
1 0 0.302502
2 0 0.340175
3 0 0.351483
4 0 0.345363
5 0 0.337584
6 0 0.32143
7 0 0.322533
8 0 0.313131
9 0 0.310459
10 0 0.301185
11 0 0.309713
12 0 0.315784
13 0 0.324935
14 0 0.33696
15 0 0.343273
16 0 0.348218
17 0 0.347305
18 0 0.332336
19 0 0.29002
20 0 0.224524

0 1 0.293969
1 1 0.402222
2 1 0.472287
3 1 0.50635
4 1 0.511658
5 1 0.502008
6 1 0.469515
7 1 0.453725
8 1 0.436609
9 1 0.43487
10 1 0.430747
11 1 0.439962
12 1 0.449788
13 1 0.463429
14 1 0.480357
15 1 0.501909
16 1 0.519537
17 1 0.521619
18 1 0.468652
19 1 0.393863
20 1 0.287955

0 2 0.334784
1 2 0.491503
2 2 0.61825
3 2 0.692135
4 2 0.71662
5 2 0.685432
6 2 0.636139
7 2 0.614462
8 2 0.588742
9 2 0.578544
10 2 0.564662
11 2 0.572477
12 2 0.596501
13 2 0.622343
14 2 0.667674
15 2 0.68891
16 2 0.710835
17 2 0.697135
18 2 0.600884
19 2 0.473391
20 2 0.329587

0 3 0.349786
1 3 0.527447
2 3 0.698529
3 3 0.833322
4 3 0.907654
5 3 0.89247
6 3 0.828603
7 3 0.773848
8 3 0.745313
9 3 0.738423
10 3 0.735613
11 3 0.755097
12 3 0.753068
13 3 0.788181
14 3 0.879225
15 3 0.910927
16 3 0.921012
17 3 0.839651
18 3 0.676896
19 3 0.511296
20 3 0.351635

0 4 0.348021
1 4 0.519669
2 4 0.70495
3 4 0.903355
4 4 1.08926
5 4 1.15651
6 4 1.08997
7 4 0.984888
8 4 0.937344
9 4 0.904284
10 4 0.904956
11 4 0.919631
12 4 0.933931
13 4 0.998185
14 4 1.12575
15 4 1.15789
16 4 1.08245
17 4 0.905308
18 4 0.69019
19 4 0.507762
20 4 0.344598

0 5 0.330432
1 5 0.490876
2 5 0.683164
3 5 0.888161
4 5 1.13192
5 5 1.32721
6 5 1.37373
7 5 1.26522
8 5 1.21029
9 5 1.16472
10 5 1.1578
11 5 1.15719
12 5 1.20439
13 5 1.27841
14 5 1.39556
15 5 1.35395
16 5 1.13073
17 5 0.896032
18 5 0.679063
19 5 0.495009
20 5 0.331317

0 6 0.319489
1 6 0.464168
2 6 0.630679
3 6 0.825581
4 6 1.07239
5 6 1.36502
6 6 1.59307
7 6 1.61267
8 6 1.56272
9 6 1.50384
10 6 1.4888
11 6 1.49517
12 6 1.55471
13 6 1.5992
14 6 1.56268
15 6 1.37761
16 6 1.07631
17 6 0.854444
18 6 0.665549
19 6 0.482327
20 6 0.32126

0 7 0.307534
1 7 0.446853
2 7 0.59915
3 7 0.791702
4 7 1.00813
5 7 1.30715
6 7 1.66441
7 7 1.92338
8 7 2.04417
9 7 2.087
10 7 2.10284
11 7 2.05965
12 7 2.03806
13 7 1.88264
14 7 1.60918
15 7 1.27563
16 7 0.993447
17 7 0.804007
18 7 0.635944
19 7 0.467873
20 7 0.31221

0 8 0.301913
1 8 0.437718
2 8 0.578466
3 8 0.751582
4 8 0.95073
5 8 1.22517
6 8 1.60258
7 8 2.0857
8 8 2.65776
9 8 3.09098
10 8 3.31803
11 8 3.02957
12 8 2.59074
13 8 2.03752
14 8 1.54806
15 8 1.1905
16 8 0.938736
17 8 0.743981
18 8 0.594725
19 8 0.444031
20 8 0.300972

0 9 0.302065
1 9 0.439143
2 9 0.563979
3 9 0.708681
4 9 0.900588
5 9 1.16678
6 9 1.52884
7 9 2.14694
8 9 3.17538
9 9 4.68192
10 9 5.8304
11 9 4.51913
12 9 3.05583
13 9 2.05285
14 9 1.48932
15 9 1.14333
16 9 0.901728
17 9 0.719989
18 9 0.579818
19 9 0.433563
20 9 0.296451

0 10 0.301116
1 10 0.433067
2 10 0.558025
3 10 0.693314
4 10 0.870459
5 10 1.12514
6 10 1.4996
7 10 2.15948
8 10 3.46466
9 10 5.97797
10 10 8.05798
11 10 5.75727
12 10 3.335
13 10 2.08076
14 10 1.47028
15 10 1.1234
16 10 0.889186
17 10 0.704181
18 10 0.559408
19 10 0.426961
20 10 0.291678

0 11 0.309256
1 11 0.432794
2 11 0.556951
3 11 0.700543
4 11 0.876805
5 11 1.12723
6 11 1.50572
7 11 2.10391
8 11 3.11122
9 11 4.56964
10 11 5.72849
11 11 4.53904
12 11 3.07786
13 11 2.09508
14 11 1.50394
15 11 1.14915
16 11 0.908906
17 11 0.734273
18 11 0.569865
19 11 0.429929
20 11 0.293379

0 12 0.303493
1 12 0.43292
2 12 0.565778
3 12 0.726201
4 12 0.92453
5 12 1.18167
6 12 1.53273
7 12 2.02291
8 12 2.58808
9 12 3.02309
10 12 3.26143
11 12 2.98828
12 12 2.532
13 12 2.04414
14 12 1.58076
15 12 1.20777
16 12 0.937857
17 12 0.758146
18 12 0.588008
19 12 0.443366
20 12 0.305732

0 13 0.308071
1 13 0.449932
2 13 0.599017
3 13 0.768825
4 13 0.992587
5 13 1.27722
6 13 1.63207
7 13 1.89772
8 13 2.05304
9 13 2.05675
10 13 2.08402
11 13 2.03398
12 13 1.99949
13 13 1.88201
14 13 1.61452
15 13 1.29895
16 13 1.00839
17 13 0.783443
18 13 0.606985
19 13 0.456277
20 13 0.315521

0 14 0.325288
1 14 0.474147
2 14 0.64298
3 14 0.842134
4 14 1.08377
5 14 1.35426
6 14 1.604
7 14 1.63443
8 14 1.57863
9 14 1.48478
10 14 1.48869
11 14 1.49542
12 14 1.54729
13 14 1.63148
14 14 1.59254
15 14 1.38364
16 14 1.09513
17 14 0.849239
18 14 0.640513
19 14 0.474179
20 14 0.324513

0 15 0.34297
1 15 0.499004
2 15 0.673331
3 15 0.89825
4 15 1.14247
5 15 1.33301
6 15 1.40788
7 15 1.31472
8 15 1.20842
9 15 1.14212
10 15 1.12813
11 15 1.16262
12 15 1.20596
13 15 1.3143
14 15 1.40668
15 15 1.36921
16 15 1.15668
17 15 0.899753
18 15 0.681839
19 15 0.497719
20 15 0.342605

0 16 0.346011
1 16 0.510865
2 16 0.687625
3 16 0.905099
4 16 1.09321
5 16 1.1319
6 16 1.09878
7 16 1.02636
8 16 0.946323
9 16 0.910414
10 16 0.907158
11 16 0.897256
12 16 0.940232
13 16 1.02585
14 16 1.1213
15 16 1.14347
16 16 1.1009
17 16 0.928191
18 16 0.72011
19 16 0.513177
20 16 0.349149

0 17 0.354605
1 17 0.510272
2 17 0.676433
3 17 0.834664
4 17 0.916594
5 17 0.885777
6 17 0.837143
7 17 0.824337
8 17 0.769312
9 17 0.71949
10 17 0.722896
11 17 0.710214
12 17 0.736407
13 17 0.788898
14 17 0.852253
15 17 0.893063
16 17 0.918154
17 17 0.855104
18 17 0.703616
19 17 0.512766
20 17 0.348254

0 18 0.339773
1 18 0.474551
2 18 0.604944
3 18 0.692566
4 18 0.725729
5 18 0.699296
6 18 0.638165
7 18 0.623105
8 18 0.614024
9 18 0.586847
10 18 0.565946
11 18 0.565491
12 18 0.583321
13 18 0.607251
14 18 0.648951
15 18 0.685942
16 18 0.696889
17 18 0.682035
18 18 0.615444
19 18 0.47971
20 18 0.336672

0 19 0.294111
1 19 0.397807
2 19 0.474261
3 19 0.513265
4 19 0.518572
5 19 0.499955
6 19 0.472081
7 19 0.456627
8 19 0.447487
9 19 0.431619
10 19 0.429227
11 19 0.43048
12 19 0.445268
13 19 0.463149
14 19 0.475949
15 19 0.498497
16 19 0.511282
17 19 0.510824
18 19 0.482913
19 19 0.40205
20 19 0.301408

0 20 0.227543
1 20 0.299821
2 20 0.333468
3 20 0.347725
4 20 0.346825
5 20 0.336954
6 20 0.32598
7 20 0.311376
8 20 0.304961
9 20 0.300898
10 20 0.302425
11 20 0.302996
12 20 0.315301
13 20 0.32078
14 20 0.322689
15 20 0.334355
16 20 0.338343
17 20 0.34214
18 20 0.327078
19 20 0.292424
20 20 0.236403

