0 0 -0.00102579
1 0 -0.00102579
2 0 -0.00102579
3 0 -0.00102579
4 0 -0.00102579
5 0 -0.00102579
6 0 0.208633
7 0 0.243288
8 0 0.265064
9 0 0.273194
10 0 0.276406
11 0 0.276788
12 0 0.265381
13 0 0.242356
14 0 0.205569
15 0 -0.00102579
16 0 -0.00102579
17 0 -0.00102579
18 0 -0.00102579
19 0 -0.00102579
20 0 -0.00102579

0 1 -0.00102579
1 1 -0.00102579
2 1 -0.00102579
3 1 -0.00102579
4 1 -0.00102579
5 1 -0.00102579
6 1 0.261291
7 1 0.330164
8 1 0.380961
9 1 0.389888
10 1 0.396628
11 1 0.393964
12 1 0.376039
13 1 0.323889
14 1 0.257703
15 1 -0.00102579
16 1 -0.00102579
17 1 -0.00102579
18 1 -0.00102579
19 1 -0.00102579
20 1 -0.00102579

0 2 -0.00102579
1 2 -0.00102579
2 2 -0.00102579
3 2 -0.00102579
4 2 -0.00102579
5 2 -0.00102579
6 2 0.304329
7 2 0.409599
8 2 0.502884
9 2 0.526971
10 2 0.54588
11 2 0.531024
12 2 0.50247
13 2 0.399483
14 2 0.300982
15 2 -0.00102579
16 2 -0.00102579
17 2 -0.00102579
18 2 -0.00102579
19 2 -0.00102579
20 2 -0.00102579

0 3 -0.00102579
1 3 -0.00102579
2 3 -0.00102579
3 3 -0.00102579
4 3 -0.00102579
5 3 -0.00102579
6 3 0.338643
7 3 0.486188
8 3 0.635881
9 3 0.691923
10 3 0.700926
11 3 0.698532
12 3 0.65164
13 3 0.471106
14 3 0.33097
15 3 -0.00102579
16 3 -0.00102579
17 3 -0.00102579
18 3 -0.00102579
19 3 -0.00102579
20 3 -0.00102579

0 4 -0.00102579
1 4 -0.00102579
2 4 -0.00102579
3 4 -0.00102579
4 4 -0.00102579
5 4 -0.00102579
6 4 0.3605
7 4 0.572981
8 4 0.842805
9 4 0.949475
10 4 0.931278
11 4 0.897456
12 4 0.833173
13 4 0.540321
14 4 0.34795
15 4 -0.00102579
16 4 -0.00102579
17 4 -0.00102579
18 4 -0.00102579
19 4 -0.00102579
20 4 -0.00102579

0 5 -0.00102579
1 5 -0.00102579
2 5 -0.00102579
3 5 -0.00102579
4 5 -0.00102579
5 5 -0.00102579
6 5 0.366217
7 5 0.660425
8 5 1.28658
9 5 1.33187
10 5 1.32007
11 5 1.28591
12 5 1.21629
13 5 0.604931
14 5 0.347848
15 5 -0.00102579
16 5 -0.00102579
17 5 -0.00102579
18 5 -0.00102579
19 5 -0.00102579
20 5 -0.00102579

0 6 -0.00102579
1 6 -0.00102579
2 6 -0.00102579
3 6 -0.00102579
4 6 -0.00102579
5 6 -0.00102579
6 6 -0.00102579
7 6 -0.00102579
8 6 1.63976
9 6 1.96437
10 6 1.87131
11 6 1.82452
12 6 1.55331
13 6 -0.00102579
14 6 -0.00102579
15 6 -0.00102579
16 6 -0.00102579
17 6 -0.00102579
18 6 -0.00102579
19 6 -0.00102579
20 6 -0.00102579

0 7 0.207906
1 7 0.26507
2 7 0.317906
3 7 0.364721
4 7 0.427945
5 7 0.590077
6 7 0.854128
7 7 1.24005
8 7 2.03334
9 7 2.2825
10 7 2.29636
11 7 2.42384
12 7 2.08856
13 7 1.31933
14 7 0.977895
15 7 0.674599
16 7 0.480624
17 7 0.379328
18 7 0.324129
19 7 0.277082
20 7 0.220115

0 8 0.241758
1 8 0.322003
2 8 0.406558
3 8 0.493828
4 8 0.610553
5 8 0.866352
6 8 1.21908
7 8 1.65718
8 8 2.3498
9 8 2.75656
10 8 3.07481
11 8 2.98015
12 8 2.46405
13 8 1.8187
14 8 1.37988
15 8 1.01341
16 8 0.70583
17 8 0.516578
18 8 0.423462
19 8 0.338995
20 8 0.250282

0 9 0.262524
1 9 0.372259
2 9 0.489395
3 9 0.643882
4 9 0.876939
5 9 1.15075
6 9 1.68696
7 9 2.22776
8 9 2.86193
9 9 3.32409
10 9 3.59697
11 9 3.4815
12 9 3.14313
13 9 2.4249
14 9 1.88441
15 9 1.34139
16 9 0.905821
17 9 0.660382
18 9 0.504775
19 9 0.393176
20 9 0.284489

0 10 0.280075
1 10 0.405003
2 10 0.563568
3 10 0.787317
4 10 1.12659
5 10 1.53013
6 10 2.14813
7 10 2.79966
8 10 3.38197
9 10 3.88852
10 10 4.14759
11 10 4.04517
12 10 3.91608
13 10 2.96083
14 10 2.35111
15 10 1.58798
16 10 1.07872
17 10 0.748625
18 10 0.552616
19 10 0.414721
20 10 0.305697

0 11 0.291295
1 11 0.449584
2 11 0.652855
3 11 0.920117
4 11 1.31944
5 11 1.77221
6 11 2.30251
7 11 3.04434
8 11 3.64886
9 11 3.97821
10 11 4.45461
11 11 4.39397
12 11 4.3367
13 11 3.47549
14 11 2.59791
15 11 1.82066
16 11 1.2391
17 11 0.847917
18 11 0.648613
19 11 0.44911
20 11 0.302798

0 12 0.301512
1 12 0.46308
2 12 0.685714
3 12 1.05908
4 12 1.47026
5 12 2.02542
6 12 2.48673
7 12 3.18219
8 12 3.82244
9 12 4.3221
10 12 4.97847
11 12 4.63806
12 12 4.35708
13 12 3.78549
14 12 2.89034
15 12 1.8496
16 12 1.22869
17 12 0.843188
18 12 0.662268
19 12 0.46504
20 12 0.308591

0 13 0.300595
1 13 0.456262
2 13 0.734719
3 13 1.15613
4 13 1.5662
5 13 2.01906
6 13 2.4925
7 13 3.07698
8 13 3.57811
9 13 4.19272
10 13 4.6893
11 13 4.57855
12 13 4.17966
13 13 3.49031
14 13 2.61734
15 13 1.75006
16 13 1.22389
17 13 0.885705
18 13 0.683424
19 13 0.488952
20 13 0.323833

0 14 0.296874
1 14 0.439441
2 14 0.653391
3 14 0.98619
4 14 1.42049
5 14 2.01326
6 14 2.47644
7 14 2.72809
8 14 3.21027
9 14 3.76349
10 14 4.35191
11 14 4.36923
12 14 3.7803
13 14 3.08826
14 14 2.32516
15 14 1.61497
16 14 1.19228
17 14 0.874845
18 14 0.637249
19 14 0.467641
20 14 0.314599

0 15 0.28995
1 15 0.427466
2 15 0.600331
3 15 0.90647
4 15 1.30116
5 15 1.70696
6 15 1.9806
7 15 2.20582
8 15 2.40241
9 15 2.93137
10 15 3.41389
11 15 3.50028
12 15 3.23264
13 15 2.53249
14 15 1.93402
15 15 1.41954
16 15 1.03085
17 15 0.787041
18 15 0.580645
19 15 0.436866
20 15 0.304026

0 16 0.299408
1 16 0.420929
2 16 0.580869
3 16 0.783707
4 16 1.05572
5 16 1.29666
6 16 1.42185
7 16 1.61487
8 16 1.83424
9 16 2.10333
10 16 2.33614
11 16 2.49919
12 16 2.36721
13 16 2.05534
14 16 1.58457
15 16 1.22857
16 16 0.938862
17 16 0.732777
18 16 0.545626
19 16 0.403731
20 16 0.291861

0 17 0.276289
1 17 0.377902
2 17 0.524403
3 17 0.662668
4 17 0.834394
5 17 0.992692
6 17 1.11199
7 17 1.24186
8 17 1.35214
9 17 1.48429
10 17 1.61692
11 17 1.59729
12 17 1.56112
13 17 1.41673
14 17 1.22146
15 17 1.04105
16 17 0.780964
17 17 0.622555
18 17 0.500794
19 17 0.372778
20 17 0.273245

0 18 0.257146
1 18 0.344046
2 18 0.442489
3 18 0.550053
4 18 0.636694
5 18 0.734948
6 18 0.778152
7 18 0.953266
8 18 0.990178
9 18 0.995645
10 18 0.970754
11 18 0.946532
12 18 0.900256
13 18 0.887894
14 18 0.810607
15 18 0.747959
16 18 0.608172
17 18 0.523792
18 18 0.433188
19 18 0.345033
20 18 0.259304

0 19 0.228022
1 19 0.292288
2 19 0.358033
3 19 0.408855
4 19 0.474605
5 19 0.510825
6 19 0.548884
7 19 0.637984
8 19 0.672961
9 19 0.694767
10 19 0.649303
11 19 0.600906
12 19 0.586131
13 19 0.596941
14 19 0.56463
15 19 0.518455
16 19 0.4525
17 19 0.423222
18 19 0.361518
19 19 0.299217
20 19 0.230807

0 20 0.191844
1 20 0.236923
2 20 0.275569
3 20 0.305538
4 20 0.333405
5 20 0.34057
6 20 0.35323
7 20 0.373991
8 20 0.424977
9 20 0.468685
10 20 0.43221
11 20 0.404938
12 20 0.400658
13 20 0.395677
14 20 0.369784
15 20 0.351113
16 20 0.323996
17 20 0.306086
18 20 0.277573
19 20 0.240471
20 20 0.19311

