0 0 -0.00102579
1 0 -0.00102579
2 0 -0.00102579
3 0 -0.00102579
4 0 -0.00102579
5 0 -0.00102579
6 0 0.208081
7 0 0.243287
8 0 0.267531
9 0 0.273959
10 0 0.27494
11 0 0.276242
12 0 0.267973
13 0 0.245461
14 0 0.208514
15 0 -0.00102579
16 0 -0.00102579
17 0 -0.00102579
18 0 -0.00102579
19 0 -0.00102579
20 0 -0.00102579

0 1 -0.00102579
1 1 -0.00102579
2 1 -0.00102579
3 1 -0.00102579
4 1 -0.00102579
5 1 -0.00102579
6 1 0.260509
7 1 0.329921
8 1 0.383211
9 1 0.391576
10 1 0.395587
11 1 0.392587
12 1 0.376186
13 1 0.326201
14 1 0.262068
15 1 -0.00102579
16 1 -0.00102579
17 1 -0.00102579
18 1 -0.00102579
19 1 -0.00102579
20 1 -0.00102579

0 2 -0.00102579
1 2 -0.00102579
2 2 -0.00102579
3 2 -0.00102579
4 2 -0.00102579
5 2 -0.00102579
6 2 0.304
7 2 0.409075
8 2 0.504895
9 2 0.530241
10 2 0.545418
11 2 0.531736
12 2 0.504074
13 2 0.399447
14 2 0.302593
15 2 -0.00102579
16 2 -0.00102579
17 2 -0.00102579
18 2 -0.00102579
19 2 -0.00102579
20 2 -0.00102579

0 3 -0.00102579
1 3 -0.00102579
2 3 -0.00102579
3 3 -0.00102579
4 3 -0.00102579
5 3 -0.00102579
6 3 0.34157
7 3 0.48743
8 3 0.637946
9 3 0.694078
10 3 0.702695
11 3 0.699809
12 3 0.654423
13 3 0.47415
14 3 0.33443
15 3 -0.00102579
16 3 -0.00102579
17 3 -0.00102579
18 3 -0.00102579
19 3 -0.00102579
20 3 -0.00102579

0 4 -0.00102579
1 4 -0.00102579
2 4 -0.00102579
3 4 -0.00102579
4 4 -0.00102579
5 4 -0.00102579
6 4 0.359273
7 4 0.574219
8 4 0.843705
9 4 0.951071
10 4 0.931963
11 4 0.898757
12 4 0.833849
13 4 0.544165
14 4 0.349648
15 4 -0.00102579
16 4 -0.00102579
17 4 -0.00102579
18 4 -0.00102579
19 4 -0.00102579
20 4 -0.00102579

0 5 -0.00102579
1 5 -0.00102579
2 5 -0.00102579
3 5 -0.00102579
4 5 -0.00102579
5 5 -0.00102579
6 5 0.3665
7 5 0.659589
8 5 1.28652
9 5 1.32816
10 5 1.31961
11 5 1.2879
12 5 1.21919
13 5 0.610991
14 5 0.35112
15 5 -0.00102579
16 5 -0.00102579
17 5 -0.00102579
18 5 -0.00102579
19 5 -0.00102579
20 5 -0.00102579

0 6 -0.00102579
1 6 -0.00102579
2 6 -0.00102579
3 6 -0.00102579
4 6 -0.00102579
5 6 -0.00102579
6 6 -0.00102579
7 6 -0.00102579
8 6 1.64061
9 6 1.96142
10 6 1.8725
11 6 1.82968
12 6 1.55355
13 6 -0.00102579
14 6 -0.00102579
15 6 -0.00102579
16 6 -0.00102579
17 6 -0.00102579
18 6 -0.00102579
19 6 -0.00102579
20 6 -0.00102579

0 7 0.208703
1 7 0.264817
2 7 0.317722
3 7 0.363613
4 7 0.428089
5 7 0.587812
6 7 0.852318
7 7 1.23897
8 7 2.03292
9 7 2.27963
10 7 2.29358
11 7 2.42564
12 7 2.09305
13 7 1.32313
14 7 0.97236
15 7 0.673198
16 7 0.479837
17 7 0.379513
18 7 0.323838
19 7 0.278087
20 7 0.219914

0 8 0.241834
1 8 0.319869
2 8 0.406397
3 8 0.493052
4 8 0.609382
5 8 0.866378
6 8 1.22396
7 8 1.6562
8 8 2.34382
9 8 2.76064
10 8 3.07437
11 8 2.9766
12 8 2.46448
13 8 1.81416
14 8 1.37837
15 8 1.01554
16 8 0.707275
17 8 0.51592
18 8 0.422711
19 8 0.339669
20 8 0.2515

0 9 0.261599
1 9 0.370646
2 9 0.488844
3 9 0.642957
4 9 0.878379
5 9 1.15371
6 9 1.68733
7 9 2.22949
8 9 2.8658
9 9 3.31611
10 9 3.59515
11 9 3.48246
12 9 3.14377
13 9 2.42066
14 9 1.88508
15 9 1.343
16 9 0.903875
17 9 0.660985
18 9 0.504095
19 9 0.392906
20 9 0.283405

0 10 0.281491
1 10 0.406202
2 10 0.563693
3 10 0.785677
4 10 1.12801
5 10 1.53644
6 10 2.14895
7 10 2.80357
8 10 3.38505
9 10 3.89014
10 10 4.15513
11 10 4.04765
12 10 3.91253
13 10 2.95709
14 10 2.34926
15 10 1.5861
16 10 1.07998
17 10 0.750189
18 10 0.552527
19 10 0.413437
20 10 0.306926

0 11 0.292267
1 11 0.452156
2 11 0.650143
3 11 0.914808
4 11 1.3222
5 11 1.78191
6 11 2.30217
7 11 3.04441
8 11 3.64375
9 11 3.97886
10 11 4.46613
11 11 4.39242
12 11 4.32817
13 11 3.48098
14 11 2.60098
15 11 1.81996
16 11 1.23619
17 11 0.849504
18 11 0.648083
19 11 0.447916
20 11 0.301741

0 12 0.302755
1 12 0.467169
2 12 0.686258
3 12 1.05571
4 12 1.46998
5 12 2.02642
6 12 2.4843
7 12 3.18598
8 12 3.81916
9 12 4.31805
10 12 4.98065
11 12 4.64344
12 12 4.35982
13 12 3.79077
14 12 2.89302
15 12 1.84645
16 12 1.22916
17 12 0.844028
18 12 0.663575
19 12 0.465719
20 12 0.308544

0 13 0.300847
1 13 0.456809
2 13 0.738793
3 13 1.16153
4 13 1.56698
5 13 2.01363
6 13 2.49266
7 13 3.08005
8 13 3.56637
9 13 4.18167
10 13 4.68341
11 13 4.58032
12 13 4.18386
13 13 3.48941
14 13 2.6244
15 13 1.75472
16 13 1.22499
17 13 0.884985
18 13 0.683401
19 13 0.487327
20 13 0.32281

0 14 0.296848
1 14 0.440967
2 14 0.654933
3 14 0.988485
4 14 1.41845
5 14 2.00773
6 14 2.47676
7 14 2.72562
8 14 3.2016
9 14 3.76094
10 14 4.34367
11 14 4.36853
12 14 3.79003
13 14 3.09528
14 14 2.33101
15 14 1.61499
16 14 1.19414
17 14 0.874177
18 14 0.633607
19 14 0.466625
20 14 0.314152

0 15 0.289939
1 15 0.426862
2 15 0.599668
3 15 0.907652
4 15 1.29807
5 15 1.69691
6 15 1.97595
7 15 2.19819
8 15 2.39853
9 15 2.92661
10 15 3.4081
11 15 3.49713
12 15 3.23717
13 15 2.53169
14 15 1.93475
15 15 1.41504
16 15 1.02864
17 15 0.784884
18 15 0.578583
19 15 0.436235
20 15 0.301956

0 16 0.300192
1 16 0.418861
2 16 0.580051
3 16 0.783019
4 16 1.05339
5 16 1.29103
6 16 1.41985
7 16 1.61186
8 16 1.82799
9 16 2.10055
10 16 2.33635
11 16 2.5003
12 16 2.36365
13 16 2.04926
14 16 1.58316
15 16 1.22509
16 16 0.939221
17 16 0.732522
18 16 0.544729
19 16 0.403441
20 16 0.29187

0 17 0.275548
1 17 0.376695
2 17 0.522592
3 17 0.664741
4 17 0.836005
5 17 0.991161
6 17 1.11042
7 17 1.23784
8 17 1.35124
9 17 1.49067
10 17 1.61716
11 17 1.59718
12 17 1.55701
13 17 1.41386
14 17 1.21688
15 17 1.03871
16 17 0.781526
17 17 0.623267
18 17 0.500643
19 17 0.372876
20 17 0.27405

0 18 0.255586
1 18 0.343331
2 18 0.441585
3 18 0.552954
4 18 0.63696
5 18 0.739292
6 18 0.783797
7 18 0.953622
8 18 0.992325
9 18 0.99599
10 18 0.971144
11 18 0.945829
12 18 0.898038
13 18 0.886555
14 18 0.808519
15 18 0.746517
16 18 0.605107
17 18 0.522182
18 18 0.433085
19 18 0.345367
20 18 0.258014

0 19 0.229974
1 19 0.295571
2 19 0.360081
3 19 0.41145
4 19 0.475837
5 19 0.513481
6 19 0.551356
7 19 0.640727
8 19 0.670682
9 19 0.694754
10 19 0.647438
11 19 0.601279
12 19 0.587934
13 19 0.601453
14 19 0.566353
15 19 0.515945
16 19 0.450346
17 19 0.421553
18 19 0.35973
19 19 0.297607
20 19 0.230591

0 20 0.192537
1 20 0.238562
2 20 0.276038
3 20 0.306269
4 20 0.334046
5 20 0.343626
6 20 0.353182
7 20 0.373514
8 20 0.425643
9 20 0.469425
10 20 0.430865
11 20 0.40707
12 20 0.403865
13 20 0.398895
14 20 0.370889
15 20 0.352037
16 20 0.322846
17 20 0.304777
18 20 0.275569
19 20 0.239869
20 20 0.19358

