0 0 0.0297302
1 0 0.0309011
2 0 0.039558
3 0 0.0619984
4 0 0.0780277
5 0 0.0619276
6 0 0.0748817
7 0 0.10217
8 0 0.110144
9 0 0.106461
10 0 0.103796
11 0 0.0838646
12 0 0.0723795
13 0 0.0620466
14 0 0.0656771
15 0 0.0599473
16 0 0.0500306
17 0 0.0432121
18 0 0.0368155
19 0 0.0313559
20 0 0.0232518

0 1 0.0333378
1 1 0.0375622
2 1 0.0499216
3 1 0.115044
4 1 0.107761
5 1 0.0713283
6 1 0.086705
7 1 0.114119
8 1 0.120232
9 1 0.142803
10 1 0.130706
11 1 0.115106
12 1 0.0908243
13 1 0.0785554
14 1 0.0829523
15 1 0.0708425
16 1 0.0618649
17 1 0.0603763
18 1 0.0487846
19 1 0.0453397
20 1 0.0305086

0 2 0.0409462
1 2 0.0479126
2 2 0.0622411
3 2 0.076879
4 2 0.0996642
5 2 0.08697
6 2 0.111056
7 2 0.14612
8 2 0.192523
9 2 0.194515
10 2 0.181426
11 2 0.153944
12 2 0.117042
13 2 0.105077
14 2 0.103666
15 2 0.0867849
16 2 0.0721019
17 2 0.0710322
18 2 0.0783489
19 2 0.0578795
20 2 0.047965

0 3 0.0494627
1 3 0.063066
2 3 0.0788587
3 3 0.0859119
4 3 0.103617
5 3 0.111248
6 3 0.122504
7 3 0.185454
8 3 0.245071
9 3 0.244208
10 3 0.228983
11 3 0.171305
12 3 0.147206
13 3 0.143222
14 3 0.12636
15 3 0.107895
16 3 0.0834696
17 3 0.0748979
18 3 0.0744275
19 3 0.0743282
20 3 0.0662852

0 4 0.0554568
1 4 0.0669294
2 4 0.084429
3 4 0.105043
4 4 0.123145
5 4 0.133619
6 4 0.160856
7 4 0.208427
8 4 0.28798
9 4 0.299835
10 4 0.271142
11 4 0.253689
12 4 0.209996
13 4 0.177268
14 4 0.161048
15 4 0.125667
16 4 0.103441
17 4 0.0908997
18 4 0.0839293
19 4 0.0705505
20 4 0.0755964

0 5 0.0633536
1 5 0.0799994
2 5 0.0955414
3 5 0.111438
4 5 0.146977
5 5 0.164648
6 5 0.212653
7 5 0.271804
8 5 0.331772
9 5 0.362457
10 5 0.37426
11 5 0.316538
12 5 0.261585
13 5 0.22319
14 5 0.182878
15 5 0.156
16 5 0.125403
17 5 0.107215
18 5 0.0905672
19 5 0.0789033
20 5 0.0610224

0 6 0.0741102
1 6 0.0893524
2 6 0.118278
3 6 0.14909
4 6 0.195241
5 6 0.250953
6 6 0.27785
7 6 0.329123
8 6 0.401183
9 6 0.438569
10 6 0.425398
11 6 0.380585
12 6 0.327663
13 6 0.284157
14 6 0.233808
15 6 0.193738
16 6 0.161586
17 6 0.119364
18 6 0.0988474
19 6 0.0854666
20 6 0.0597493

0 7 0.0831913
1 7 0.117526
2 7 0.132488
3 7 0.174373
4 7 0.233837
5 7 0.30057
6 7 0.355454
7 7 0.381758
8 7 0.466915
9 7 0.580701
10 7 0.519353
11 7 0.466599
12 7 0.390784
13 7 0.33953
14 7 0.278322
15 7 0.248402
16 7 0.202064
17 7 0.154155
18 7 0.118101
19 7 0.0873312
20 7 0.0595454

0 8 0.098413
1 8 0.115168
2 8 0.161086
3 8 0.203405
4 8 0.291588
5 8 0.365253
6 8 0.445673
7 8 0.478689
8 8 0.59378
9 8 0.576375
10 8 0.620261
11 8 0.581583
12 8 0.512138
13 8 0.409853
14 8 0.349043
15 8 0.286216
16 8 0.212315
17 8 0.159657
18 8 0.124528
19 8 0.100822
20 8 0.0783126

0 9 0.106246
1 9 0.135348
2 9 0.212606
3 9 0.266605
4 9 0.365361
5 9 0.418732
6 9 0.481814
7 9 0.520978
8 9 0.699604
9 9 0.795838
10 9 0.921165
11 9 0.615378
12 9 0.540629
13 9 0.440854
14 9 0.408331
15 9 0.324972
16 9 0.249535
17 9 0.193597
18 9 0.148842
19 9 0.107075
20 9 0.0877454

0 10 0.105494
1 10 0.152968
2 10 0.195626
3 10 0.254309
4 10 0.380143
5 10 0.480039
6 10 0.562026
7 10 0.640526
8 10 1.03173
9 10 1.13828
10 10 1.10367
11 10 0.769467
12 10 0.614111
13 10 0.519212
14 10 0.441588
15 10 0.382131
16 10 0.292522
17 10 0.194044
18 10 0.148963
19 10 0.11529
20 10 0.0948963

0 11 0.0941729
1 11 0.122403
2 11 0.160968
3 11 0.221
4 11 0.268679
5 11 0.381377
6 11 0.4936
7 11 0.593437
8 11 0.645672
9 11 0.678302
10 11 0.74166
11 11 0.603552
12 11 0.539707
13 11 0.453187
14 11 0.396924
15 11 0.3327
16 11 0.262212
17 11 0.199743
18 11 0.161779
19 11 0.128669
20 11 0.103443

0 12 0.0914309
1 12 0.11001
2 12 0.137681
3 12 0.201919
4 12 0.255554
5 12 0.362462
6 12 0.43305
7 12 0.566349
8 12 0.587202
9 12 0.611184
10 12 0.616576
11 12 0.555818
12 12 0.47275
13 12 0.402915
14 12 0.323721
15 12 0.279807
16 12 0.253887
17 12 0.195698
18 12 0.15471
19 12 0.105827
20 12 0.0847239

0 13 0.0751934
1 13 0.091921
2 13 0.156885
3 13 0.205632
4 13 0.24394
5 13 0.297442
6 13 0.330801
7 13 0.423259
8 13 0.467578
9 13 0.513028
10 13 0.51197
11 13 0.477566
12 13 0.412342
13 13 0.337754
14 13 0.284587
15 13 0.219327
16 13 0.283633
17 13 0.179501
18 13 0.129256
19 13 0.0979374
20 13 0.0823471

0 14 0.074451
1 14 0.091966
2 14 0.11867
3 14 0.156279
4 14 0.193717
5 14 0.223769
6 14 0.261441
7 14 0.340283
8 14 0.389933
9 14 0.381841
10 14 0.415167
11 14 0.401813
12 14 0.360981
13 14 0.302422
14 14 0.238328
15 14 0.194177
16 14 0.19179
17 14 0.115857
18 14 0.100884
19 14 0.0827562
20 14 0.0776887

0 15 0.06164
1 15 0.0740664
2 15 0.100839
3 15 0.123682
4 15 0.149726
5 15 0.176707
6 15 0.211132
7 15 0.262017
8 15 0.289704
9 15 0.296556
10 15 0.352363
11 15 0.350611
12 15 0.308421
13 15 0.229517
14 15 0.193213
15 15 0.151912
16 15 0.131322
17 15 0.0988345
18 15 0.0813489
19 15 0.0713084
20 15 0.0682354

0 16 0.051884
1 16 0.0618774
2 16 0.0760004
3 16 0.0935102
4 16 0.124236
5 16 0.146858
6 16 0.174049
7 16 0.194307
8 16 0.235682
9 16 0.253899
10 16 0.283568
11 16 0.284429
12 16 0.212075
13 16 0.188071
14 16 0.16297
15 16 0.135779
16 16 0.11529
17 16 0.100055
18 16 0.0720859
19 16 0.0644009
20 16 0.0577781

0 17 0.0435484
1 17 0.0499776
2 17 0.0642433
3 17 0.0811391
4 17 0.0997908
5 17 0.124447
6 17 0.134197
7 17 0.155028
8 17 0.184985
9 17 0.196041
10 17 0.222045
11 17 0.227599
12 17 0.183311
13 17 0.237619
14 17 0.143061
15 17 0.141269
16 17 0.101774
17 17 0.0876632
18 17 0.0719643
19 17 0.0576908
20 17 0.0514463

0 18 0.035532
1 18 0.0426475
2 18 0.0534522
3 18 0.0711487
4 18 0.132694
5 18 0.106193
6 18 0.114362
7 18 0.12708
8 18 0.15034
9 18 0.163862
10 18 0.1774
11 18 0.170193
12 18 0.161202
13 18 0.139874
14 18 0.118105
15 18 0.11424
16 18 0.0871375
17 18 0.07479
18 18 0.0594517
19 18 0.0463693
20 18 0.043916

0 19 0.0348185
1 19 0.0379722
2 19 0.0441953
3 19 0.0542128
4 19 0.0655481
5 19 0.0921137
6 19 0.0920858
7 19 0.105427
8 19 0.121724
9 19 0.139046
10 19 0.159086
11 19 0.157854
12 19 0.138488
13 19 0.117729
14 19 0.101377
15 19 0.0807087
16 19 0.0699235
17 19 0.0602641
18 19 0.0495796
19 19 0.0389155
20 19 0.0337164

0 20 0.0433856
1 20 0.0378477
2 20 0.0389499
3 20 0.047263
4 20 0.0616001
5 20 0.0711574
6 20 0.0773296
7 20 0.0935892
8 20 0.120787
9 20 0.13352
10 20 0.196302
11 20 0.164679
12 20 0.168342
13 20 0.100693
14 20 0.0811081
15 20 0.0664707
16 20 0.0606562
17 20 0.101148
18 20 0.0434548
19 20 0.0342329
20 20 0.029436

