0 0 0
1 0 0
2 0 0
3 0 0
4 0 0
5 0 0
6 0 0.0286692
7 0 0.0361415
8 0 0.0395494
9 0 0.0431547
10 0 0.0325804
11 0 0.0267307
12 0 0.0234485
13 0 0.0190296
14 0 0.0170397
15 0 0
16 0 0
17 0 0
18 0 0
19 0 0
20 0 0

0 1 0
1 1 0
2 1 0
3 1 0
4 1 0
5 1 0
6 1 0.0352037
7 1 0.0449075
8 1 0.0474752
9 1 0.0483777
10 1 0.0480752
11 1 0.0436659
12 1 0.031341
13 1 0.0250496
14 1 0.0212029
15 1 0
16 1 0
17 1 0
18 1 0
19 1 0
20 1 0

0 2 0
1 2 0
2 2 0
3 2 0
4 2 0
5 2 0
6 2 0.0463166
7 2 0.0629285
8 2 0.0759813
9 2 0.0617299
10 2 0.0631743
11 2 0.0593774
12 2 0.0451389
13 2 0.0325749
14 2 0.027625
15 2 0
16 2 0
17 2 0
18 2 0
19 2 0
20 2 0

0 3 0
1 3 0
2 3 0
3 3 0
4 3 0
5 3 0
6 3 0.0573362
7 3 0.0876396
8 3 0.100078
9 3 0.0898903
10 3 0.168208
11 3 0.070928
12 3 0.054886
13 3 0.044969
14 3 0.0347566
15 3 0
16 3 0
17 3 0
18 3 0
19 3 0
20 3 0

0 4 0
1 4 0
2 4 0
3 4 0
4 4 0
5 4 0
6 4 0.0736832
7 4 0.10885
8 4 0.126337
9 4 0.118847
10 4 0.107538
11 4 0.155202
12 4 0.065019
13 4 0.0523407
14 4 0.0385562
15 4 0
16 4 0
17 4 0
18 4 0
19 4 0
20 4 0

0 5 0
1 5 0
2 5 0
3 5 0
4 5 0
5 5 0
6 5 0.0933709
7 5 0.137811
8 5 0.185461
9 5 0.16013
10 5 0.123188
11 5 0.084087
12 5 0.0738644
13 5 0.0535476
14 5 0.0451562
15 5 0
16 5 0
17 5 0
18 5 0
19 5 0
20 5 0

0 6 0
1 6 0
2 6 0
3 6 0
4 6 0
5 6 0
6 6 0
7 6 0
8 6 0.247694
9 6 0.200804
10 6 0.166046
11 6 0.120575
12 6 0.0970398
13 6 0
14 6 0
15 6 0
16 6 0
17 6 0
18 6 0
19 6 0
20 6 0

0 7 0.091012
1 7 0.108213
2 7 0.136115
3 7 0.166398
4 7 0.208819
5 7 0.230296
6 7 0.259335
7 7 0.272433
8 7 0.288161
9 7 0.239949
10 7 0.19861
11 7 0.150294
12 7 0.124052
13 7 0.0892938
14 7 0.0760713
15 7 0.0653585
16 7 0.0560382
17 7 0.135834
18 7 0.0356981
19 7 0.0286468
20 7 0.0207287

0 8 0.106479
1 8 0.125163
2 8 0.162256
3 8 0.201338
4 8 0.233997
5 8 0.251953
6 8 0.330775
7 8 0.316731
8 8 0.352267
9 8 0.30809
10 8 0.251162
11 8 0.192784
12 8 0.135346
13 8 0.100607
14 8 0.0902988
15 8 0.0751288
16 8 0.0621585
17 8 0.0531693
18 8 0.0404155
19 8 0.0310121
20 8 0.0268367

0 9 0.125836
1 9 0.153358
2 9 0.192199
3 9 0.246817
4 9 0.273762
5 9 0.284406
6 9 0.398569
7 9 0.415159
8 9 0.428869
9 9 0.362773
10 9 0.297071
11 9 0.240587
12 9 0.171286
13 9 0.130463
14 9 0.123902
15 9 0.0937519
16 9 0.0747388
17 9 0.124297
18 9 0.0542687
19 9 0.0323196
20 9 0.0261164

0 10 0.149283
1 10 0.184609
2 10 0.226664
3 10 0.286345
4 10 0.335239
5 10 0.300416
6 10 0.494447
7 10 0.540577
8 10 0.543175
9 10 0.454935
10 10 0.361981
11 10 0.286964
12 10 0.209425
13 10 0.188741
14 10 0.160278
15 10 0.114828
16 10 0.0870775
17 10 0.0685206
18 10 0.0534961
19 10 0.0413892
20 10 0.0319839

0 11 0.152891
1 11 0.201488
2 11 0.265735
3 11 0.338045
4 11 0.412791
5 11 0.485197
6 11 0.595674
7 11 0.730831
8 11 0.576532
9 11 0.548207
10 11 0.441908
11 11 0.361194
12 11 0.281802
13 11 0.227861
14 11 0.179293
15 11 0.13938
16 11 0.119388
17 11 0.0795309
18 11 0.0567681
19 11 0.0438
20 11 0.0450876

0 12 0.165912
1 12 0.23023
2 12 0.306133
3 12 0.410816
4 12 0.526522
5 12 0.623037
6 12 0.933742
7 12 0.809311
8 12 0.945136
9 12 0.613393
10 12 0.492228
11 12 0.368788
12 12 0.30106
13 12 0.249972
14 12 0.197361
15 12 0.166436
16 12 0.127897
17 12 0.0956895
18 12 0.0680754
19 12 0.0453956
20 12 0.043128

0 13 0.148407
1 13 0.217725
2 13 0.302096
3 13 0.35894
4 13 0.447552
5 13 0.590029
6 13 0.698376
7 13 0.695938
8 13 0.703741
9 13 0.504023
10 13 0.451428
11 13 0.315017
12 13 0.257515
13 13 0.211142
14 13 0.177949
15 13 0.149755
16 13 0.104579
17 13 0.067706
18 13 0.0498877
19 13 0.0408554
20 13 0.0377779

0 14 0.124674
1 14 0.165621
2 14 0.268127
3 14 0.350746
4 14 0.36774
5 14 0.444642
6 14 0.540197
7 14 0.590452
8 14 0.450125
9 14 0.393886
10 14 0.338694
11 14 0.255148
12 14 0.221027
13 14 0.20117
14 14 0.166784
15 14 0.117351
16 14 0.0831946
17 14 0.061617
18 14 0.0452357
19 14 0.0354786
20 14 0.0279369

0 15 0.104272
1 15 0.143694
2 15 0.211254
3 15 0.282929
4 15 0.285318
5 15 0.37431
6 15 0.438795
7 15 0.426129
8 15 0.386615
9 15 0.325778
10 15 0.277433
11 15 0.228774
12 15 0.197822
13 15 0.162432
14 15 0.118812
15 15 0.098399
16 15 0.0825792
17 15 0.0575299
18 15 0.0410675
19 15 0.0309607
20 15 0.024905

0 16 0.0821522
1 16 0.109987
2 16 0.179133
3 16 0.248542
4 16 0.233068
5 16 0.283653
6 16 0.274002
7 16 0.335291
8 16 0.290723
9 16 0.252421
10 16 0.222068
11 16 0.18846
12 16 0.165834
13 16 0.129352
14 16 0.102101
15 16 0.0786664
16 16 0.0612989
17 16 0.0476902
18 16 0.0326408
19 16 0.0268688
20 16 0.0213502

0 17 0.0712598
1 17 0.0902574
2 17 0.132209
3 17 0.169658
4 17 0.197118
5 17 0.240063
6 17 0.232893
7 17 0.263513
8 17 0.217558
9 17 0.192609
10 17 0.13743
11 17 0.142061
12 17 0.116857
13 17 0.09146
14 17 0.0755511
15 17 0.0556439
16 17 0.0440476
17 17 0.0339127
18 17 0.0260512
19 17 0.0211981
20 17 0.0174985

0 18 0.0616997
1 18 0.0725592
2 18 0.102628
3 18 0.112402
4 18 0.146851
5 18 0.191822
6 18 0.186293
7 18 0.207717
8 18 0.164939
9 18 0.14052
10 18 0.104325
11 18 0.104556
12 18 0.0832723
13 18 0.0734264
14 18 0.0594606
15 18 0.0430863
16 18 0.0354104
17 18 0.0297079
18 18 0.0242109
19 18 0.0194877
20 18 0.0150772

0 19 0.0524961
1 19 0.0616005
2 19 0.0791306
3 19 0.0869207
4 19 0.109741
5 19 0.123357
6 19 0.121536
7 19 0.165583
8 19 0.116123
9 19 0.104692
10 19 0.0871701
11 19 0.0729483
12 19 0.0586691
13 19 0.0553123
14 19 0.0398443
15 19 0.0315576
16 19 0.0277248
17 19 0.0235449
18 19 0.0192217
19 19 0.0160376
20 19 0.0133034

0 20 0.0464378
1 20 0.051475
2 20 0.0617638
3 20 0.0712586
4 20 0.083523
5 20 0.0905055
6 20 0.0881767
7 20 0.123051
8 20 0.0930855
9 20 0.0733161
10 20 0.0631737
11 20 0.0548702
12 20 0.0473978
13 20 0.0377217
14 20 0.0322691
15 20 0.0272156
16 20 0.0212157
17 20 0.0186201
18 20 0.015649
19 20 0.0133754
20 20 0.0123712

