0 0 0.797698
1 0 0.767293
2 0 0.8186
3 0 0.853746
4 0 0
5 0 0
6 0 0
7 0 1.02749
8 0 0.966908
9 0 1.10767
10 0 1.23174
11 0 0.967994
12 0 0.675306
13 0 0.486593
14 0 0.353213
15 0 0.312857
16 0 0.285116
17 0 0.296103
18 0 0.310118
19 0 0.277337
20 0 0.255049

0 1 0.734964
1 1 0.786131
2 1 0.803945
3 1 0.806833
4 1 0
5 1 0
6 1 0
7 1 1.82769
8 1 1.46126
9 1 1.19085
10 1 1.0904
11 1 0.735246
12 1 0.530205
13 1 0.411815
14 1 0.365942
15 1 0.313061
16 1 0.353322
17 1 0.369309
18 1 0.39496
19 1 0.312134
20 1 0.292035

0 2 0.626897
1 2 0.861454
2 2 0.875174
3 2 0.858034
4 2 0
5 2 0
6 2 0
7 2 0.984106
8 2 1.01521
9 2 0.985165
10 2 0.818546
11 2 0.650276
12 2 0.524458
13 2 0.455383
14 2 0.361689
15 2 0.352682
16 2 0.436502
17 2 0.48828
18 2 0.487439
19 2 0.363007
20 2 0.326445

0 3 0.55421
1 3 0.609907
2 3 0.677282
3 3 0.72841
4 3 0
5 3 0
6 3 0
7 3 0.75963
8 3 0.866824
9 3 0.683969
10 3 0.712297
11 3 0.498113
12 3 0.446948
13 3 0.492312
14 3 0.477947
15 3 0.449386
16 3 0.484959
17 3 0.560505
18 3 0.640063
19 3 0.446921
20 3 0.39848

0 4 0.482017
1 4 0.539382
2 4 0.586942
3 4 0.573391
4 4 0
5 4 0
6 4 0
7 4 0.725255
8 4 0.694631
9 4 0.561435
10 4 0.549008
11 4 0.48385
12 4 0.587873
13 4 0.565243
14 4 0.597208
15 4 0.552279
16 4 0.529462
17 4 0.665605
18 4 0.818109
19 4 0.632674
20 4 0.52797

0 5 0.444355
1 5 0.529625
2 5 0.551653
3 5 0.584887
4 5 0
5 5 0
6 5 0
7 5 0.656964
8 5 0.612709
9 5 0.55955
10 5 0.554255
11 5 0.540953
12 5 0.545971
13 5 0
14 5 0
15 5 0
16 5 0.575784
17 5 0.796368
18 5 1.22288
19 5 0.84732
20 5 0.664692

0 6 0.432012
1 6 0.498806
2 6 0.549745
3 6 0.590659
4 6 0
5 6 0
6 6 0
7 6 0.698903
8 6 0.723798
9 6 0.635009
10 6 0.589529
11 6 0.593738
12 6 0.763841
13 6 0
14 6 0
15 6 0
16 6 0.657561
17 6 1.154
18 6 1.16805
19 6 0.993253
20 6 0.742348

0 7 0.452467
1 7 0.526387
2 7 0.585915
3 7 0.626699
4 7 0
5 7 0
6 7 0
7 7 0.773557
8 7 0.960489
9 7 0.787792
10 7 0.674333
11 7 0.618985
12 7 0.662106
13 7 0
14 7 0
15 7 0
16 7 0.795415
17 7 0.648195
18 7 0.684491
19 7 0.765093
20 7 0.621014

0 8 0.553475
1 8 0.545926
2 8 0.609372
3 8 0.639883
4 8 0
5 8 0
6 8 0
7 8 1.16559
8 8 1.09011
9 8 1.07046
10 8 0.793525
11 8 0.700009
12 8 0.727639
13 8 0
14 8 0
15 8 0
16 8 0.665345
17 8 0.622213
18 8 0.627431
19 8 0.652443
20 8 0.596006

0 9 0.588488
1 9 0.631314
2 9 0.762137
3 9 0.89236
4 9 0
5 9 0
6 9 0
7 9 1.2338
8 9 1.3112
9 9 1.08865
10 9 0.819442
11 9 0.712947
12 9 0.718402
13 9 0
14 9 0
15 9 0
16 9 0.602322
17 9 0.627471
18 9 0.650162
19 9 0.585264
20 9 0.562931

0 10 0.65685
1 10 0.719964
2 10 0.983374
3 10 0.843139
4 10 0
5 10 0
6 10 0
7 10 1.56706
8 10 1.219
9 10 0.898939
10 10 0.728037
11 10 0.641221
12 10 0.713401
13 10 0
14 10 0
15 10 0
16 10 0.591366
17 10 0.600688
18 10 0.586673
19 10 0.537877
20 10 0.501607

0 11 0.635545
1 11 1.04896
2 11 1.10207
3 11 1.19672
4 11 0
5 11 0
6 11 0
7 11 0
8 11 0
9 11 0
10 11 0
11 11 0
12 11 0
13 11 0
14 11 0
15 11 0
16 11 0.632826
17 11 0.609491
18 11 0.531931
19 11 0.534839
20 11 0.473675

0 12 1.03914
1 12 0.925131
2 12 1.27353
3 12 1.65424
4 12 0
5 12 0
6 12 0
7 12 0
8 12 0
9 12 0
10 12 0
11 12 0
12 12 0
13 12 0
14 12 0
15 12 0
16 12 0.667967
17 12 0.535902
18 12 0.497032
19 12 0.611233
20 12 0.513276

0 13 0.575872
1 13 0.688647
2 13 0.90447
3 13 1.69811
4 13 0
5 13 0
6 13 0
7 13 0
8 13 0
9 13 0
10 13 0
11 13 0
12 13 0
13 13 0
14 13 0
15 13 0
16 13 0.586732
17 13 0.567202
18 13 0.5748
19 13 0.714832
20 13 0.595661

0 14 0.540604
1 14 0.601046
2 14 0.736702
3 14 1.00747
4 14 0.635243
5 14 0.580746
6 14 0.556409
7 14 0.646882
8 14 0.525828
9 14 0.513216
10 14 0.693792
11 14 0.557931
12 14 0.539503
13 14 0.578379
14 14 0.542106
15 14 0.549138
16 14 0.579872
17 14 0.610199
18 14 0.621692
19 14 0.740348
20 14 0.691976

0 15 0.517049
1 15 0.577873
2 15 0.593367
3 15 0.583639
4 15 0.582693
5 15 0.644885
6 15 0.604768
7 15 0.621295
8 15 0.488678
9 15 0.476955
10 15 0.576396
11 15 0.53936
12 15 0.491092
13 15 0.497995
14 15 0.514318
15 15 0.520799
16 15 0.603646
17 15 0.633845
18 15 0.756577
19 15 0.944513
20 15 0.799353

0 16 0.469871
1 16 0.5096
2 16 0.512065
3 16 0.519658
4 16 0.550169
5 16 0.626867
6 16 0.560827
7 16 0.609742
8 16 0.557356
9 16 0.562009
10 16 0.511336
11 16 0.495144
12 16 0.441218
13 16 0.429659
14 16 0.489468
15 16 0.635719
16 16 0.667888
17 16 0.674379
18 16 0.817516
19 16 0.975758
20 16 0.945355

0 17 0.414851
1 17 0.480482
2 17 0.492296
3 17 0.585479
4 17 0.661203
5 17 0.611085
6 17 0.666296
7 17 0.580854
8 17 0.540764
9 17 0.533282
10 17 0.505893
11 17 0.488481
12 17 0.374546
13 17 0.375772
14 17 0.469081
15 17 0.612948
16 17 0.708369
17 17 0.807138
18 17 1.07376
19 17 1.14454
20 17 1.53113

0 18 0.375626
1 18 0.567421
2 18 0.690683
3 18 0.720139
4 18 0.816037
5 18 0.983043
6 18 0.896622
7 18 0.651786
8 18 0.58176
9 18 0.558028
10 18 0.582588
11 18 0.469183
12 18 0.391489
13 18 0.370109
14 18 0.432153
15 18 0.504656
16 18 0.60219
17 18 0.719071
18 18 0.880121
19 18 1.10619
20 18 1.1167

0 19 0.442053
1 19 0.558998
2 19 0.71154
3 19 0.838029
4 19 1.0176
5 19 1.4842
6 19 0.713532
7 19 0.572797
8 19 0.574522
9 19 0.537119
10 19 0.529668
11 19 0.479051
12 19 0.398657
13 19 0.32074
14 19 0.389341
15 19 0.450072
16 19 0.555234
17 19 0.603869
18 19 0.73557
19 19 0.680473
20 19 0.65847

0 20 0.349473
1 20 0.470736
2 20 0.596091
3 20 0.725539
4 20 0.719518
5 20 1.02023
6 20 0.603371
7 20 0.550634
8 20 0.509293
9 20 0.510118
10 20 0.508186
11 20 0.609093
12 20 0.457419
13 20 0.301534
14 20 0.330318
15 20 0.41183
16 20 0.531746
17 20 0.563618
18 20 0.580252
19 20 0.605351
20 20 0.631823

