0 0 0.625327
1 0 0.716942
2 0 0.696977
3 0 0.66872
4 0 0.728248
5 0 0.586431
6 0 0.511249
7 0 0.45876
8 0 0.479034
9 0 0.45791
10 0 0.524721
11 0 0.543196
12 0 0.6382
13 0 0.794164
14 0 0.773378
15 0 0.924424
16 0 1.18557
17 0 0.815461
18 0 0.786243
19 0 0.630334
20 0 0.521581

0 1 0.615333
1 1 0.637377
2 1 0.731275
3 1 0.773129
4 1 0.737894
5 1 0.793539
6 1 0.669791
7 1 0.535166
8 1 0.529833
9 1 0.519261
10 1 0.610515
11 1 0.55241
12 1 0.693171
13 1 0.902958
14 1 1.17754
15 1 1.13952
16 1 1.26533
17 1 1.25227
18 1 1.05779
19 1 0.994693
20 1 0.6051

0 2 0.630994
1 2 0.697953
2 2 0.900734
3 2 0.795661
4 2 0.732778
5 2 0.787691
6 2 0.803365
7 2 0.667424
8 2 0.614417
9 2 0.593057
10 2 0.762182
11 2 0.724736
12 2 0.840352
13 2 1.0082
14 2 1.22224
15 2 1.10348
16 2 1.21339
17 2 1.72774
18 2 1.26161
19 2 0.911923
20 2 0.683406

0 3 0.629749
1 3 0.790195
2 3 0.99674
3 3 1.04416
4 3 0
5 3 0
6 3 0
7 3 0
8 3 0
9 3 0
10 3 0
11 3 0
12 3 0
13 3 0
14 3 0
15 3 0
16 3 0
17 3 0
18 3 0.850312
19 3 0.58392
20 3 0.517477

0 4 0.809904
1 4 0.818665
2 4 0.939908
3 4 1.17106
4 4 1.04957
5 4 0
6 4 0
7 4 0
8 4 0
9 4 0
10 4 0
11 4 0
12 4 0
13 4 0
14 4 0
15 4 0
16 4 0
17 4 0
18 4 0.687195
19 4 0.558795
20 4 0.476731

0 5 0.595711
1 5 0.668298
2 5 0.660967
3 5 0.914096
4 5 0.915187
5 5 0.658184
6 5 0
7 5 0
8 5 0
9 5 0
10 5 0
11 5 0
12 5 0
13 5 0
14 5 0
15 5 0
16 5 0
17 5 0
18 5 0.578113
19 5 0.488813
20 5 0.504482

0 6 0.512986
1 6 0.543497
2 6 0.565754
3 6 0.620289
4 6 0.696431
5 6 0.643218
6 6 0.785453
7 6 0
8 6 0
9 6 0
10 6 0
11 6 0
12 6 0
13 6 0
14 6 0
15 6 0
16 6 0
17 6 0
18 6 0.575437
19 6 0.485532
20 6 0.471051

0 7 0.43968
1 7 0.447396
2 7 0.490126
3 7 0.521083
4 7 0.556175
5 7 0.526206
6 7 0.607673
7 7 0.716838
8 7 0
9 7 0
10 7 0
11 7 0
12 7 0
13 7 0
14 7 0
15 7 0
16 7 0
17 7 0
18 7 0.67351
19 7 0.537941
20 7 0.575986

0 8 0.392393
1 8 0.403057
2 8 0.449848
3 8 0.479513
4 8 0.481425
5 8 0.444352
6 8 0.487564
7 8 0.618008
8 8 0.623522
9 8 0
10 8 0
11 8 0
12 8 0
13 8 0
14 8 0
15 8 0
16 8 0
17 8 0
18 8 0.666771
19 8 0.683102
20 8 0.647722

0 9 0.350621
1 9 0.36004
2 9 0.416106
3 9 0.428628
4 9 0.468163
5 9 0.52946
6 9 0.502468
7 9 0.613874
8 9 0.637362
9 9 0.652119
10 9 0
11 9 0
12 9 0
13 9 0
14 9 0
15 9 0
16 9 0
17 9 0
18 9 0.927592
19 9 0.881071
20 9 0.79416

0 10 0.30849
1 10 0.329937
2 10 0.350514
3 10 0.41692
4 10 0.467725
5 10 0.572376
6 10 0.679362
7 10 0.75534
8 10 0.740767
9 10 0.611701
10 10 0.564162
11 10 0
12 10 0
13 10 0
14 10 0
15 10 0
16 10 0
17 10 0
18 10 1.15471
19 10 1.14277
20 10 1.45109

0 11 0.313995
1 11 0.357356
2 11 0.427584
3 11 0.470285
4 11 0.539438
5 11 0.646595
6 11 0.80071
7 11 0.928594
8 11 0.931929
9 11 0.741747
10 11 0.631256
11 11 0.617824
12 11 0
13 11 0
14 11 0
15 11 0
16 11 0
17 11 0
18 11 1.32963
19 11 1.24583
20 11 1.64346

0 12 0.340413
1 12 0.381827
2 12 0.42824
3 12 0.543778
4 12 0.683416
5 12 0.798189
6 12 0.971712
7 12 1.1479
8 12 1.1182
9 12 0.880715
10 12 0.742185
11 12 0.629942
12 12 0.623866
13 12 0
14 12 0
15 12 0
16 12 0
17 12 0
18 12 1.27566
19 12 1.40222
20 12 1.76849

0 13 0.44381
1 13 0.465859
2 13 0.49949
3 13 0.677488
4 13 0.770035
5 13 0.962275
6 13 1.23861
7 13 1.48958
8 13 1.28213
9 13 1.19831
10 13 1.02532
11 13 0.762382
12 13 0.64176
13 13 0.662521
14 13 0
15 13 0
16 13 0
17 13 0
18 13 1.54514
19 13 1.49993
20 13 1.96602

0 14 0.427735
1 14 0.50077
2 14 0.597674
3 14 0.743343
4 14 0.862721
5 14 1.08061
6 14 1.55213
7 14 1.59761
8 14 1.34297
9 14 1.28242
10 14 1.10839
11 14 0.864434
12 14 0.699329
13 14 0.640021
14 14 0.741407
15 14 0
16 14 0
17 14 0
18 14 1.0376
19 14 1.49806
20 14 1.84159

0 15 0.432325
1 15 0.518459
2 15 0.672269
3 15 0.787104
4 15 0.924479
5 15 1.18977
6 15 1.43298
7 15 1.52311
8 15 1.68236
9 15 1.29666
10 15 1.17092
11 15 0.979112
12 15 0.733454
13 15 0.649011
14 15 0.617539
15 15 0.660317
16 15 0
17 15 0
18 15 0.722003
19 15 1.01409
20 15 1.03819

0 16 0.396969
1 16 0.508311
2 16 0.589012
3 16 0.728345
4 16 0.901657
5 16 1.19863
6 16 1.61192
7 16 2.33984
8 16 1.47213
9 16 1.18628
10 16 1.09925
11 16 0.862437
12 16 0.713989
13 16 0.631549
14 16 0.547257
15 16 0.572125
16 16 0.906602
17 16 0
18 16 0.655997
19 16 0.668702
20 16 0.721054

0 17 0.377096
1 17 0.410064
2 17 0.50227
3 17 0.595349
4 17 0.857764
5 17 1.08779
6 17 1.19784
7 17 1.34137
8 17 1.15414
9 17 1.10692
10 17 0.889671
11 17 0.74512
12 17 0.695217
13 17 0.601558
14 17 0.635857
15 17 0.508356
16 17 0.69351
17 17 0.625746
18 17 0.587063
19 17 0.530105
20 17 0.514194

0 18 0.338904
1 18 0.385181
2 18 0.430222
3 18 0.508834
4 18 0.731423
5 18 0.979046
6 18 1.08692
7 18 1.15619
8 18 0.973349
9 18 0.884775
10 18 0.782366
11 18 0.656294
12 18 0.597817
13 18 0.498597
14 18 0.448585
15 18 0.43276
16 18 0.649429
17 18 0.53255
18 18 0.524164
19 18 0.431057
20 18 0.430406

0 19 0.291829
1 19 0.335476
2 19 0.384598
3 19 0.455658
4 19 0.570481
5 19 0.726292
6 19 0.806542
7 19 0.948387
8 19 0.858557
9 19 0.765294
10 19 0.664361
11 19 0.611257
12 19 0.49175
13 19 0.438629
14 19 0.407229
15 19 0.396633
16 19 0.409067
17 19 0.45924
18 19 0.375834
19 19 0.344769
20 19 0.363057

0 20 0.278412
1 20 0.326354
2 20 0.353933
3 20 0.407864
4 20 0.497816
5 20 0.611328
6 20 0.680859
7 20 0.856794
8 20 0.729776
9 20 0.595442
10 20 0.515253
11 20 0.488069
12 20 0.443296
13 20 0.386322
14 20 0.393867
15 20 0.359729
16 20 0.350977
17 20 0.320597
18 20 0.331296
19 20 0.337601
20 20 0.314267

