0 0 0.0185922
1 0 0.0235383
2 0 0.0244749
3 0 0.0244002
4 0 0.0209561
5 0 0.0181697
6 0 0.0145917
7 0 0.0126369
8 0 0.0114663
9 0 0.00981828
10 0 0.00936651
11 0 0.0130654
12 0 0.0125301
13 0 0.0118484
14 0 0.0125945
15 0 0.0149088
16 0 0.0174112
17 0 0.0808625
18 0 0.103538
19 0 0.0223846
20 0 0.0172582

0 1 0.0255229
1 1 0.024757
2 1 0.0268507
3 1 0.0282362
4 1 0.0249189
5 1 0.0198347
6 1 0.0165234
7 1 0.0142692
8 1 0.0132294
9 1 0.01246
10 1 0.0148124
11 1 0.0128073
12 1 0.0115748
13 1 0.0111085
14 1 0.0135976
15 1 0.0171383
16 1 0.0142681
17 1 0.0188109
18 1 0.0204284
19 1 0.0139971
20 1 0.023139

0 2 0.0307947
1 2 0.0293851
2 2 0.0310141
3 2 0.0355322
4 2 0.0290763
5 2 0.0229879
6 2 0.0178434
7 2 0.015858
8 2 0.0140006
9 2 0.0121504
10 2 0.0107653
11 2 0.0111916
12 2 0.0110542
13 2 0.0111331
14 2 0.0122802
15 2 0.0153797
16 2 0.0168179
17 2 0.0186557
18 2 0.0144449
19 2 0.0118784
20 2 0.0151028

0 3 0.0363568
1 3 0.0408098
2 3 0.042799
3 3 0.0425585
4 3 0
5 3 0
6 3 0
7 3 0
8 3 0
9 3 0
10 3 0
11 3 0
12 3 0
13 3 0
14 3 0
15 3 0
16 3 0
17 3 0
18 3 0.0199637
19 3 0.013652
20 3 0.0135292

0 4 0.0416135
1 4 0.0449325
2 4 0.0484945
3 4 0.0514026
4 4 0.0534483
5 4 0
6 4 0
7 4 0
8 4 0
9 4 0
10 4 0
11 4 0
12 4 0
13 4 0
14 4 0
15 4 0
16 4 0
17 4 0
18 4 0.0201117
19 4 0.0122382
20 4 0.0113765

0 5 0.0483753
1 5 0.0516084
2 5 0.0547097
3 5 0.0585152
4 5 0.0634054
5 5 0.0840274
6 5 0
7 5 0
8 5 0
9 5 0
10 5 0
11 5 0
12 5 0
13 5 0
14 5 0
15 5 0
16 5 0
17 5 0
18 5 0.0140885
19 5 0.0100262
20 5 0.00961854

0 6 0.0540048
1 6 0.0571345
2 6 0.0617486
3 6 0.067391
4 6 0.0800786
5 6 0.0887305
6 6 0.0923878
7 6 0
8 6 0
9 6 0
10 6 0
11 6 0
12 6 0
13 6 0
14 6 0
15 6 0
16 6 0
17 6 0
18 6 0.00939049
19 6 0.0088678
20 6 0.00878028

0 7 0.060653
1 7 0.0655737
2 7 0.0710554
3 7 0.0755861
4 7 0.0800021
5 7 0.0833815
6 7 0.0915517
7 7 0.093706
8 7 0
9 7 0
10 7 0
11 7 0
12 7 0
13 7 0
14 7 0
15 7 0
16 7 0
17 7 0
18 7 0.00844855
19 7 0.00837036
20 7 0.00854171

0 8 0.081077
1 8 0.0959378
2 8 0.0762689
3 8 0.0785484
4 8 0.0855392
5 8 0.0871964
6 8 0.0906425
7 8 0.0940658
8 8 0.0917421
9 8 0
10 8 0
11 8 0
12 8 0
13 8 0
14 8 0
15 8 0
16 8 0
17 8 0
18 8 0.00794219
19 8 0.00806686
20 8 0.00808599

0 9 0.121791
1 9 0.200143
2 9 0.0952324
3 9 0.0875887
4 9 0.0912974
5 9 0.0943131
6 9 0.0940358
7 9 0.0937309
8 9 0.0918713
9 9 0.0945269
10 9 0
11 9 0
12 9 0
13 9 0
14 9 0
15 9 0
16 9 0
17 9 0
18 9 0.00808103
19 9 0.00803208
20 9 0.0078806

0 10 0.120168
1 10 0.184692
2 10 0.151468
3 10 0.0970196
4 10 0.0996515
5 10 0.100637
6 10 0.0999126
7 10 0.0949841
8 10 0.0945295
9 10 0.0900729
10 10 0.089886
11 10 0
12 10 0
13 10 0
14 10 0
15 10 0
16 10 0
17 10 0
18 10 0.00868119
19 10 0.00880695
20 10 0.00797664

0 11 0.0987146
1 11 0.0936584
2 11 0.0988597
3 11 0.106089
4 11 0.10715
5 11 0.110917
6 11 0.10946
7 11 0.102354
8 11 0.098738
9 11 0.0925217
10 11 0.0943184
11 11 0.0986068
12 11 0
13 11 0
14 11 0
15 11 0
16 11 0
17 11 0
18 11 0.0122436
19 11 0.0108525
20 11 0.00856391

0 12 0.0996442
1 12 0.100031
2 12 0.104955
3 12 0.111356
4 12 0.109893
5 12 0.111949
6 12 0.112503
7 12 0.105903
8 12 0.0998454
9 12 0.0966267
10 12 0.0913552
11 12 0.0855301
12 12 0.0860351
13 12 0
14 12 0
15 12 0
16 12 0
17 12 0
18 12 0.0170341
19 12 0.0136901
20 12 0.00976783

0 13 0.112417
1 13 0.114618
2 13 0.114095
3 13 0.114318
4 13 0.114703
5 13 0.115028
6 13 0.115739
7 13 0.114587
8 13 0.10692
9 13 0.102755
10 13 0.0928178
11 13 0.0858498
12 13 0.0831353
13 13 0.0826112
14 13 0
15 13 0
16 13 0
17 13 0
18 13 0.0231126
19 13 0.0179982
20 13 0.0145968

0 14 0.110846
1 14 0.110211
2 14 0.128997
3 14 0.153601
4 14 0.121711
5 14 0.121749
6 14 0.121707
7 14 0.122825
8 14 0.110393
9 14 0.102258
10 14 0.0921769
11 14 0.0918117
12 14 0.100047
13 14 0.0775713
14 14 0.0661716
15 14 0
16 14 0
17 14 0
18 14 0.0262532
19 14 0.0224997
20 14 0.0195909

0 15 0.103551
1 15 0.115486
2 15 0.195822
3 15 0.167924
4 15 0.203169
5 15 0.129562
6 15 0.124382
7 15 0.124572
8 15 0.121359
9 15 0.0972042
10 15 0.0889875
11 15 0.0847226
12 15 0.0900253
13 15 0.0959384
14 15 0.0758003
15 15 0.0573988
16 15 0
17 15 0
18 15 0.0316708
19 15 0.0246864
20 15 0.021939

0 16 0.0993051
1 16 0.103203
2 16 0.115577
3 16 0.144109
4 16 0.125379
5 16 0.123626
6 16 0.117937
7 16 0.116815
8 16 0.111376
9 16 0.0980388
10 16 0.0881466
11 16 0.0804885
12 16 0.0994464
13 16 0.0874722
14 16 0.0587762
15 16 0.0529536
16 16 0.0532501
17 16 0
18 16 0.0351416
19 16 0.0308604
20 16 0.0262227

0 17 0.104549
1 17 0.104534
2 17 0.108915
3 17 0.114704
4 17 0.11998
5 17 0.120668
6 17 0.116533
7 17 0.112592
8 17 0.107812
9 17 0.0964683
10 17 0.085196
11 17 0.0778409
12 17 0.0962572
13 17 0.0729453
14 17 0.0586439
15 17 0.0519336
16 17 0.0475339
17 17 0.0437816
18 17 0.0389717
19 17 0.0364704
20 17 0.0314913

0 18 0.112903
1 18 0.110183
2 18 0.105094
3 18 0.108786
4 18 0.111133
5 18 0.114262
6 18 0.119452
7 18 0.112547
8 18 0.101189
9 18 0.090495
10 18 0.0838389
11 18 0.0766852
12 18 0.0712044
13 18 0.0642508
14 18 0.0583458
15 18 0.0546435
16 18 0.0456166
17 18 0.0427418
18 18 0.0384694
19 18 0.0353599
20 18 0.0286487

0 19 0.0990006
1 19 0.0998841
2 19 0.101336
3 19 0.106872
4 19 0.109399
5 19 0.11104
6 19 0.110159
7 19 0.106629
8 19 0.0996893
9 19 0.0923439
10 19 0.092887
11 19 0.0761678
12 19 0.0688313
13 19 0.0681435
14 19 0.0648642
15 19 0.0523977
16 19 0.0446827
17 19 0.0413746
18 19 0.0345236
19 19 0.0284219
20 19 0.0235357

0 20 0.0907272
1 20 0.104544
2 20 0.102546
3 20 0.105485
4 20 0.106027
5 20 0.098172
6 20 0.102083
7 20 0.104281
8 20 0.112272
9 20 0.101534
10 20 0.0992936
11 20 0.0892249
12 20 0.0764273
13 20 0.0725325
14 20 0.0607408
15 20 0.0544844
16 20 0.0426034
17 20 0.036726
18 20 0.027712
19 20 0.0239237
20 20 0.0193456

