0 0 0.387153
1 0 0.383436
2 0 0.348483
3 0 0.351818
4 0 0
5 0 0
6 0 0
7 0 1.4544
8 0 1.72916
9 0 1.94042
10 0 2.09434
11 0 2.24088
12 0 2.07364
13 0 2.39251
14 0 2.18607
15 0 2.07387
16 0 1.74974
17 0 1.93246
18 0 1.99222
19 0 1.4311
20 0 1.329

0 1 0.465407
1 1 0.437792
2 1 0.401955
3 1 0.40454
4 1 0
5 1 0
6 1 0
7 1 1.64637
8 1 1.71837
9 1 1.82381
10 1 1.86637
11 1 1.98803
12 1 2.21673
13 1 2.51713
14 1 2.72525
15 1 2.82065
16 1 2.04588
17 1 1.83157
18 1 2.01657
19 1 1.75545
20 1 1.42616

0 2 0.71094
1 2 0.717746
2 2 0.507224
3 2 0.567211
4 2 0
5 2 0
6 2 0
7 2 1.64991
8 2 1.80625
9 2 1.79182
10 2 1.92671
11 2 2.25083
12 2 2.36359
13 2 2.72434
14 2 2.84297
15 2 3.26864
16 2 2.93467
17 2 2.1367
18 2 2.00226
19 2 1.91747
20 2 1.68048

0 3 0.761172
1 3 0.777032
2 3 0.785608
3 3 0.682309
4 3 0
5 3 0
6 3 0
7 3 1.81783
8 3 1.79748
9 3 1.79554
10 3 2.16386
11 3 2.18321
12 3 2.03402
13 3 2.5815
14 3 2.89962
15 3 2.98814
16 3 2.78463
17 3 2.44849
18 3 1.99376
19 3 1.70103
20 3 1.3741

0 4 0.742003
1 4 0.736547
2 4 0.735658
3 4 0.621854
4 4 0
5 4 0
6 4 0
7 4 1.59594
8 4 1.50129
9 4 1.59168
10 4 1.84119
11 4 1.98548
12 4 2.05817
13 4 2.53822
14 4 3.05895
15 4 3.16827
16 4 2.7426
17 4 2.00991
18 4 1.69544
19 4 1.48057
20 4 1.29

0 5 0.702575
1 5 0.699298
2 5 0.732605
3 5 0.583729
4 5 0
5 5 0
6 5 0
7 5 1.47295
8 5 1.51836
9 5 1.47046
10 5 2.00167
11 5 2.03458
12 5 2.11566
13 5 0
14 5 0
15 5 0
16 5 2.16505
17 5 1.79967
18 5 1.51566
19 5 1.32398
20 5 1.23327

0 6 0.689757
1 6 0.671809
2 6 0.616925
3 6 0.566533
4 6 0
5 6 0
6 6 0
7 6 1.27398
8 6 1.44665
9 6 1.4867
10 6 1.72111
11 6 1.919
12 6 1.98298
13 6 0
14 6 0
15 6 0
16 6 1.76014
17 6 1.50013
18 6 1.35251
19 6 1.24389
20 6 1.31658

0 7 0.647918
1 7 0.636339
2 7 0.633242
3 7 0.65422
4 7 0
5 7 0
6 7 0
7 7 1.27659
8 7 1.35859
9 7 1.43095
10 7 1.58293
11 7 1.56838
12 7 1.74739
13 7 0
14 7 0
15 7 0
16 7 1.50638
17 7 1.23948
18 7 1.10857
19 7 1.09877
20 7 1.00843

0 8 0.664005
1 8 0.650073
2 8 0.679003
3 8 0.762213
4 8 0
5 8 0
6 8 0
7 8 1.13526
8 8 1.21176
9 8 1.32529
10 8 1.46452
11 8 1.53055
12 8 1.58585
13 8 0
14 8 0
15 8 0
16 8 1.13386
17 8 1.03587
18 8 0.93764
19 8 0.914051
20 8 0.902496

0 9 0.704211
1 9 0.705459
2 9 0.765618
3 9 0.889059
4 9 0
5 9 0
6 9 0
7 9 0.929338
8 9 1.0034
9 9 1.04269
10 9 1.16897
11 9 1.40037
12 9 1.37496
13 9 0
14 9 0
15 9 0
16 9 0.957582
17 9 0.955121
18 9 0.908267
19 9 0.862801
20 9 0.84294

0 10 0.79097
1 10 0.833115
2 10 1.12533
3 10 1.07552
4 10 0
5 10 0
6 10 0
7 10 0.98258
8 10 0.997201
9 10 1.02139
10 10 1.09687
11 10 1.18762
12 10 1.21327
13 10 0
14 10 0
15 10 0
16 10 1.16653
17 10 1.04203
18 10 1.0253
19 10 0.928627
20 10 0.876236

0 11 0.979626
1 11 1.07536
2 11 1.26804
3 11 1.55794
4 11 0
5 11 0
6 11 0
7 11 0
8 11 0
9 11 0
10 11 0
11 11 0
12 11 0
13 11 0
14 11 0
15 11 0
16 11 1.35515
17 11 1.24101
18 11 1.14146
19 11 1.03631
20 11 0.887516

0 12 1.04966
1 12 1.04947
2 12 1.28473
3 12 1.65818
4 12 0
5 12 0
6 12 0
7 12 0
8 12 0
9 12 0
10 12 0
11 12 0
12 12 0
13 12 0
14 12 0
15 12 0
16 12 1.46081
17 12 1.44016
18 12 1.38502
19 12 1.25631
20 12 0.939509

0 13 1.47273
1 13 1.32358
2 13 1.81005
3 13 2.18617
4 13 0
5 13 0
6 13 0
7 13 0
8 13 0
9 13 0
10 13 0
11 13 0
12 13 0
13 13 0
14 13 0
15 13 0
16 13 1.83781
17 13 1.53441
18 13 1.36869
19 13 1.22653
20 13 1.12917

0 14 1.3542
1 14 1.71826
2 14 2.25737
3 14 2.48713
4 14 3.19849
5 14 3.52029
6 14 3.50038
7 14 3.36048
8 14 3.7646
9 14 3.87078
10 14 3.46603
11 14 2.91949
12 14 2.66698
13 14 2.41785
14 14 2.2082
15 14 2.15749
16 14 2.07733
17 14 1.65912
18 14 1.52728
19 14 1.37791
20 14 1.27343

0 15 1.26682
1 15 1.56479
2 15 1.98493
3 15 2.80479
4 15 3.22992
5 15 3.43218
6 15 3.90703
7 15 3.66184
8 15 4.14086
9 15 3.96466
10 15 3.60664
11 15 3.47906
12 15 3.03406
13 15 2.69184
14 15 2.61448
15 15 2.41956
16 15 2.19979
17 15 1.89378
18 15 1.76842
19 15 1.45999
20 15 1.30438

0 16 1.31056
1 16 1.48117
2 16 1.97937
3 16 2.7069
4 16 3.21579
5 16 3.52145
6 16 3.89344
7 16 4.1736
8 16 4.28182
9 16 4.27263
10 16 3.97677
11 16 3.43295
12 16 2.79208
13 16 2.64379
14 16 2.46046
15 16 2.22984
16 16 2.04955
17 16 1.89187
18 16 1.68724
19 16 1.63763
20 16 1.42429

0 17 1.32543
1 17 1.46744
2 17 1.82851
3 17 2.24029
4 17 2.93304
5 17 3.29095
6 17 3.42267
7 17 4.02492
8 17 3.94605
9 17 4.08738
10 17 3.35157
11 17 3.11283
12 17 2.70377
13 17 2.65659
14 17 2.4483
15 17 2.36527
16 17 1.96625
17 17 1.70712
18 17 1.61824
19 17 1.55596
20 17 1.26478

0 18 1.32055
1 18 1.56056
2 18 1.75181
3 18 2.02815
4 18 2.60256
5 18 3.00723
6 18 3.44118
7 18 3.54714
8 18 3.45129
9 18 3.54525
10 18 2.7851
11 18 2.67822
12 18 2.65418
13 18 2.57822
14 18 2.15949
15 18 2.032
16 18 1.78647
17 18 1.68833
18 18 1.493
19 18 1.44192
20 18 1.35371

0 19 1.29771
1 19 1.36785
2 19 1.5367
3 19 1.85858
4 19 2.09894
5 19 2.49845
6 19 2.59724
7 19 2.89387
8 19 2.75994
9 19 2.87141
10 19 2.69546
11 19 2.49489
12 19 2.43013
13 19 2.31062
14 19 2.03603
15 19 1.79923
16 19 1.71386
17 19 1.50731
18 19 1.34251
19 19 1.29344
20 19 1.20754

0 20 1.20985
1 20 1.3007
2 20 1.44671
3 20 1.62796
4 20 1.95385
5 20 2.23565
6 20 2.42415
7 20 2.48047
8 20 2.61792
9 20 2.65608
10 20 2.71568
11 20 2.56171
12 20 2.28876
13 20 2.11472
14 20 1.94758
15 20 1.7092
16 20 1.55132
17 20 1.38955
18 20 1.26642
19 20 1.1801
20 20 1.1513

