0 0 0.0278004
1 0 0.0307494
2 0 0.0370664
3 0 0.0492248
4 0 0.0681401
5 0 0.0801304
6 0 0.0803028
7 0 0.0830031
8 0 0.0972453
9 0 0.11308
10 0 0.100157
11 0 0.0891291
12 0 0.0762468
13 0 0.0749273
14 0 0.067263
15 0 0.0653466
16 0 0.0598392
17 0 0.0567902
18 0 0.04672
19 0 0.034239
20 0 0.0272935

0 1 0.0318044
1 1 0.0345595
2 1 0.0478874
3 1 0.0653815
4 1 0.0772081
5 1 0.0885179
6 1 0.0906169
7 1 0.0943879
8 1 0.114204
9 1 0.131841
10 1 0.13526
11 1 0.114211
12 1 0.0949252
13 1 0.0881848
14 1 0.0844905
15 1 0.0807583
16 1 0.071107
17 1 0.0659016
18 1 0.060126
19 1 0.0447694
20 1 0.0305096

0 2 0.0361805
1 2 0.0417603
2 2 0.0558074
3 2 0.075154
4 2 0.0853943
5 2 0.0936647
6 2 0.10398
7 2 0.120351
8 2 0.138613
9 2 0.168004
10 2 0.196885
11 2 0.156198
12 2 0.128081
13 2 0.115881
14 2 0.0989288
15 2 0.103351
16 2 0.118225
17 2 0.0819826
18 2 0.0614356
19 2 0.059343
20 2 0.0420552

0 3 0.0432076
1 3 0.0497705
2 3 0.0610006
3 3 0.0757811
4 3 0.101436
5 3 0.1126
6 3 0.118601
7 3 0.148027
8 3 0.214802
9 3 0.222903
10 3 0.257125
11 3 0.18816
12 3 0.155069
13 3 0.150989
14 3 0.133763
15 3 0.107244
16 3 0.09632
17 3 0.0732815
18 3 0.0622526
19 3 0.059341
20 3 0.0459415

0 4 0.0512585
1 4 0.0574507
2 4 0.0794165
3 4 0.095846
4 4 0.124683
5 4 0.141216
6 4 0.161768
7 4 0.185922
8 4 0.266108
9 4 0.267896
10 4 0.301584
11 4 0.265609
12 4 0.202546
13 4 0.183054
14 4 0.172027
15 4 0.13016
16 4 0.106875
17 4 0.0863117
18 4 0.0716007
19 4 0.0592747
20 4 0.0487365

0 5 0.0620375
1 5 0.0754372
2 5 0.0894298
3 5 0.116045
4 5 0.143496
5 5 0.173646
6 5 0.205721
7 5 0.263408
8 5 0.349223
9 5 0.326157
10 5 0.357099
11 5 0.346141
12 5 0.267264
13 5 0.235655
14 5 0.200999
15 5 0.172539
16 5 0.131455
17 5 0.100921
18 5 0.0851429
19 5 0.0706535
20 5 0.0577473

0 6 0.0689677
1 6 0.0865258
2 6 0.106192
3 6 0.145583
4 6 0.171621
5 6 0.206713
6 6 0.256072
7 6 0.335589
8 6 0.418133
9 6 0.397565
10 6 0.434388
11 6 0.403453
12 6 0.318877
13 6 0.280344
14 6 0.236859
15 6 0.198484
16 6 0.157497
17 6 0.126056
18 6 0.0930614
19 6 0.0817998
20 6 0.0662409

0 7 0.0793441
1 7 0.107054
2 7 0.152483
3 7 0.168928
4 7 0.206334
5 7 0.259959
6 7 0.305261
7 7 0.405024
8 7 0.487005
9 7 0.491473
10 7 0.529958
11 7 0.494981
12 7 0.435444
13 7 0.365946
14 7 0.300563
15 7 0.232911
16 7 0.192409
17 7 0.148286
18 7 0.109548
19 7 0.085363
20 7 0.0713846

0 8 0.0996281
1 8 0.130737
2 8 0.158619
3 8 0.215
4 8 0.255029
5 8 0.315122
6 8 0.388055
7 8 0.491199
8 8 0.533107
9 8 0.614953
10 8 0.668638
11 8 0.580293
12 8 0.502539
13 8 0.432732
14 8 0.331287
15 8 0.279948
16 8 0.223466
17 8 0.160276
18 8 0.127951
19 8 0.0999128
20 8 0.0816682

0 9 0.12653
1 9 0.181644
2 9 0.202111
3 9 0.240405
4 9 0.274647
5 9 0.370683
6 9 0.4419
7 9 0.515446
8 9 0.680666
9 9 0.827036
10 9 1.06643
11 9 0.807775
12 9 0.600187
13 9 0.516744
14 9 0.426554
15 9 0.341754
16 9 0.264411
17 9 0.203406
18 9 0.148863
19 9 0.11609
20 9 0.0892479

0 10 0.108516
1 10 0.14727
2 10 0.194508
3 10 0.256959
4 10 0.341607
5 10 0.466883
6 10 0.523239
7 10 0.588709
8 10 0.77066
9 10 0.691986
10 10 0.700588
11 10 0.767258
12 10 0.632122
13 10 0.564666
14 10 0.468618
15 10 0.36244
16 10 0.281979
17 10 0.219336
18 10 0.176413
19 10 0.128461
20 10 0.102943

0 11 0.0880034
1 11 0.126918
2 11 0.199383
3 11 0.271718
4 11 0.342493
5 11 0.394179
6 11 0.449159
7 11 0.537894
8 11 0.70856
9 11 0.773709
10 11 0.702067
11 11 0.673904
12 11 0.547448
13 11 0.512171
14 11 0.440154
15 11 0.359172
16 11 0.254101
17 11 0.18732
18 11 0.150441
19 11 0.118427
20 11 0.100895

0 12 0.0984634
1 12 0.12166
2 12 0.144627
3 12 0.191822
4 12 0.273913
5 12 0.326245
6 12 0.414824
7 12 0.510661
8 12 0.621381
9 12 0.719641
10 12 0.625152
11 12 0.555686
12 12 0.501643
13 12 0.466013
14 12 0.394805
15 12 0.371523
16 12 0.262497
17 12 0.176324
18 12 0.146771
19 12 0.117588
20 12 0.098029

0 13 0.0898194
1 13 0.104975
2 13 0.131776
3 13 0.176147
4 13 0.224682
5 13 0.268506
6 13 0.347779
7 13 0.412115
8 13 0.521492
9 13 0.546465
10 13 0.49059
11 13 0.50033
12 13 0.436653
13 13 0.400018
14 13 0.313331
15 13 0.28366
16 13 0.21124
17 13 0.147804
18 13 0.119029
19 13 0.0997049
20 13 0.082316

0 14 0.0817955
1 14 0.0918585
2 14 0.110777
3 14 0.156197
4 14 0.182271
5 14 0.219931
6 14 0.272207
7 14 0.339933
8 14 0.399315
9 14 0.463191
10 14 0.423045
11 14 0.408012
12 14 0.349401
13 14 0.312379
14 14 0.260462
15 14 0.196812
16 14 0.160071
17 14 0.130373
18 14 0.112754
19 14 0.0831362
20 14 0.0696214

0 15 0.0636439
1 15 0.0795539
2 15 0.0979097
3 15 0.12562
4 15 0.155406
5 15 0.183849
6 15 0.242114
7 15 0.30109
8 15 0.331292
9 15 0.363574
10 15 0.347142
11 15 0.302173
12 15 0.262825
13 15 0.229948
14 15 0.197398
15 15 0.159963
16 15 0.13593
17 15 0.115146
18 15 0.0998049
19 15 0.0754149
20 15 0.0607693

0 16 0.0535767
1 16 0.0623526
2 16 0.0806557
3 16 0.0983961
4 16 0.113991
5 16 0.147082
6 16 0.165447
7 16 0.209086
8 16 0.255775
9 16 0.278474
10 16 0.282367
11 16 0.245464
12 16 0.270458
13 16 0.190921
14 16 0.161888
15 16 0.129839
16 16 0.115337
17 16 0.0927444
18 16 0.080291
19 16 0.0625289
20 16 0.0521253

0 17 0.0492076
1 17 0.0577835
2 17 0.073203
3 17 0.0926916
4 17 0.105033
5 17 0.128601
6 17 0.13173
7 17 0.16097
8 17 0.189927
9 17 0.19889
10 17 0.176581
11 17 0.190239
12 17 0.179754
13 17 0.151656
14 17 0.143424
15 17 0.121575
16 17 0.108596
17 17 0.0891525
18 17 0.060867
19 17 0.0509839
20 17 0.044833

0 18 0.0396538
1 18 0.0486639
2 18 0.0628969
3 18 0.0858915
4 18 0.0837845
5 18 0.0978954
6 18 0.106526
7 18 0.137369
8 18 0.156223
9 18 0.16478
10 18 0.16656
11 18 0.16197
12 18 0.147902
13 18 0.122103
14 18 0.115998
15 18 0.106864
16 18 0.100315
17 18 0.0747664
18 18 0.0539087
19 18 0.0461694
20 18 0.0400922

0 19 0.0345315
1 19 0.0424805
2 19 0.0496817
3 19 0.0616866
4 19 0.0675698
5 19 0.0826714
6 19 0.094952
7 19 0.104817
8 19 0.121565
9 19 0.161678
10 19 0.178643
11 19 0.144727
12 19 0.138026
13 19 0.107604
14 19 0.106612
15 19 0.10503
16 19 0.122312
17 19 0.0762417
18 19 0.0444802
19 19 0.0373363
20 19 0.0324187

0 20 0.032856
1 20 0.0392129
2 20 0.0414161
3 20 0.0480152
4 20 0.0568852
5 20 0.0646213
6 20 0.074772
7 20 0.0877526
8 20 0.090839
9 20 0.144014
10 20 0.206217
11 20 0.12748
12 20 0.100277
13 20 0.0932058
14 20 0.0959917
15 20 0.0848844
16 20 0.0710791
17 20 0.0477078
18 20 0.0382421
19 20 0.0314002
20 20 0.0270781

