0 0 0.586814
1 0 0.605482
2 0 0.642334
3 0 0.556182
4 0 0.551997
5 0 0.534489
6 0 0.426143
7 0 0.341345
8 0 0.307321
9 0 0.298331
10 0 0.314333
11 0 0.378682
12 0 0.45585
13 0 0.559073
14 0 0.761356
15 0 0.863659
16 0 0.868832
17 0 0.581069
18 0 0.464442
19 0 0.389746
20 0 0.497358

0 1 0.602512
1 1 0.594531
2 1 0.578413
3 1 0.552046
4 1 0.65395
5 1 0.964132
6 1 0.619356
7 1 0.42809
8 1 0.35253
9 1 0.312008
10 1 0.372927
11 1 0.445406
12 1 0.56114
13 1 0.632354
14 1 0.824713
15 1 0.814404
16 1 0.686742
17 1 0.684223
18 1 0.547266
19 1 0.518484
20 1 0.775578

0 2 0.587018
1 2 0.926478
2 2 0.723914
3 2 0.589567
4 2 0.593903
5 2 0.6158
6 2 0.55416
7 2 0.490491
8 2 0.401096
9 2 0.323365
10 2 0.319649
11 2 0.363326
12 2 0.484264
13 2 0.76164
14 2 0.820437
15 2 0.678693
16 2 0.725664
17 2 0.794844
18 2 0.676243
19 2 0.506551
20 2 0.500169

0 3 0.621555
1 3 0.718227
2 3 0.766019
3 3 0.808337
4 3 0
5 3 0
6 3 0
7 3 0
8 3 0
9 3 0
10 3 0
11 3 0
12 3 0
13 3 0
14 3 0
15 3 0
16 3 0
17 3 0
18 3 0.471936
19 3 0.469513
20 3 0.489408

0 4 0.62058
1 4 0.703128
2 4 0.887087
3 4 1.17509
4 4 0.935507
5 4 0
6 4 0
7 4 0
8 4 0
9 4 0
10 4 0
11 4 0
12 4 0
13 4 0
14 4 0
15 4 0
16 4 0
17 4 0
18 4 0.506332
19 4 0.466521
20 4 0.437252

0 5 0.577801
1 5 0.687084
2 5 0.763335
3 5 0.94063
4 5 0.836747
5 5 0.592605
6 5 0
7 5 0
8 5 0
9 5 0
10 5 0
11 5 0
12 5 0
13 5 0
14 5 0
15 5 0
16 5 0
17 5 0
18 5 0.360362
19 5 0.40471
20 5 0.386705

0 6 0.519062
1 6 0.583838
2 6 0.678312
3 6 0.745942
4 6 0.644245
5 6 0.51823
6 6 0.401872
7 6 0
8 6 0
9 6 0
10 6 0
11 6 0
12 6 0
13 6 0
14 6 0
15 6 0
16 6 0
17 6 0
18 6 0.370831
19 6 0.426665
20 6 0.422354

0 7 0.463053
1 7 0.496356
2 7 0.531703
3 7 0.582375
4 7 0.549858
5 7 0.412453
6 7 0.421497
7 7 0.460897
8 7 0
9 7 0
10 7 0
11 7 0
12 7 0
13 7 0
14 7 0
15 7 0
16 7 0
17 7 0
18 7 0.387432
19 7 0.471134
20 7 0.528602

0 8 0.401432
1 8 0.427855
2 8 0.446202
3 8 0.434338
4 8 0.421496
5 8 0.425247
6 8 0.489055
7 8 0.564992
8 8 0.505467
9 8 0
10 8 0
11 8 0
12 8 0
13 8 0
14 8 0
15 8 0
16 8 0
17 8 0
18 8 0.647489
19 8 0.598949
20 8 0.58675

0 9 0.357196
1 9 0.389076
2 9 0.361958
3 9 0.377789
4 9 0.465542
5 9 0.478089
6 9 0.590483
7 9 0.700193
8 9 0.618587
9 9 0.557184
10 9 0
11 9 0
12 9 0
13 9 0
14 9 0
15 9 0
16 9 0
17 9 0
18 9 0.709113
19 9 0.621388
20 9 0.620796

0 10 0.320882
1 10 0.367712
2 10 0.388388
3 10 0.463343
4 10 0.582919
5 10 0.7056
6 10 0.775299
7 10 0.813448
8 10 0.765819
9 10 0.656661
10 10 0.579464
11 10 0
12 10 0
13 10 0
14 10 0
15 10 0
16 10 0
17 10 0
18 10 0.862646
19 10 0.728801
20 10 0.688823

0 11 0.35859
1 11 0.419835
2 11 0.50187
3 11 0.630735
4 11 0.683411
5 11 0.744765
6 11 0.956628
7 11 0.930409
8 11 0.916785
9 11 0.824895
10 11 0.653696
11 11 0.590462
12 11 0
13 11 0
14 11 0
15 11 0
16 11 0
17 11 0
18 11 0.96247
19 11 0.858831
20 11 0.944475

0 12 0.43964
1 12 0.605539
2 12 0.575162
3 12 0.679826
4 12 0.808621
5 12 0.934906
6 12 1.10038
7 12 1.1929
8 12 1.16547
9 12 0.97992
10 12 0.779349
11 12 0.672609
12 12 0.58325
13 12 0
14 12 0
15 12 0
16 12 0
17 12 0
18 12 1.02034
19 12 0.90913
20 12 1.08345

0 13 0.499016
1 13 0.592097
2 13 0.694792
3 13 0.818354
4 13 0.942285
5 13 1.0948
6 13 1.31219
7 13 1.4347
8 13 1.32002
9 13 1.13198
10 13 0.935756
11 13 0.82502
12 13 0.702005
13 13 0.613237
14 13 0
15 13 0
16 13 0
17 13 0
18 13 1.00307
19 13 1.01835
20 13 1.02537

0 14 0.549075
1 14 0.619205
2 14 0.847784
3 14 0.973789
4 14 1.18473
5 14 1.29599
6 14 1.6906
7 14 1.86694
8 14 1.68303
9 14 1.33226
10 14 1.07954
11 14 0.934883
12 14 0.784036
13 14 0.673131
14 14 0.582996
15 14 0
16 14 0
17 14 0
18 14 0.778438
19 14 0.936556
20 14 0.945937

0 15 0.600823
1 15 0.747567
2 15 0.902247
3 15 1.06271
4 15 1.4534
5 15 1.65201
6 15 2.04848
7 15 2.0829
8 15 1.86648
9 15 1.37685
10 15 1.22926
11 15 1.1019
12 15 0.985977
13 15 0.745991
14 15 0.677392
15 15 0.605844
16 15 0
17 15 0
18 15 0.641076
19 15 0.784388
20 15 0.796425

0 16 0.520492
1 16 0.634091
2 16 0.76772
3 16 0.948144
4 16 1.24014
5 16 1.48403
6 16 1.88471
7 16 1.88757
8 16 1.45566
9 16 1.26092
10 16 1.17391
11 16 0.931823
12 16 0.745943
13 16 0.59194
14 16 0.51338
15 16 0.482297
16 16 0.404593
17 16 0
18 16 0.561006
19 16 0.645572
20 16 0.611522

0 17 0.518626
1 17 0.597802
2 17 0.730028
3 17 0.964885
4 17 1.14034
5 17 1.32014
6 17 1.62735
7 17 1.52296
8 17 1.30248
9 17 1.12541
10 17 0.886986
11 17 0.719521
12 17 0.614726
13 17 0.51886
14 17 0.446796
15 17 0.386007
16 17 0.352184
17 17 0.307496
18 17 0.43888
19 17 0.524566
20 17 0.502122

0 18 0.453475
1 18 0.516286
2 18 0.620988
3 18 0.812151
4 18 0.917975
5 18 1.10956
6 18 1.19733
7 18 1.27999
8 18 1.0304
9 18 0.883506
10 18 0.790302
11 18 0.676462
12 18 0.585954
13 18 0.490171
14 18 0.394656
15 18 0.353755
16 18 0.329942
17 18 0.299125
18 18 0.372203
19 18 0.42904
20 18 0.381076

0 19 0.377793
1 19 0.44094
2 19 0.502892
3 19 0.614673
4 19 0.804941
5 19 0.843777
6 19 0.854083
7 19 1.04759
8 19 0.870086
9 19 0.799128
10 19 0.703659
11 19 0.570898
12 19 0.487039
13 19 0.419873
14 19 0.383202
15 19 0.332892
16 19 0.371508
17 19 0.38845
18 19 0.328412
19 19 0.377469
20 19 0.310477

0 20 0.35201
1 20 0.379637
2 20 0.462367
3 20 0.532969
4 20 0.624042
5 20 0.681222
6 20 0.778753
7 20 0.841063
8 20 0.784298
9 20 0.711276
10 20 0.592738
11 20 0.490401
12 20 0.429607
13 20 0.38481
14 20 0.357775
15 20 0.306727
16 20 0.303005
17 20 0.283226
18 20 0.268188
19 20 0.291364
20 20 0.261823

