0 0 0.773951
1 0 0.972126
2 0 1.37271
3 0 1.17087
4 0 0
5 0 0
6 0 0
7 0 0.641635
8 0 0.650018
9 0 0.639303
10 0 0.645499
11 0 0.617776
12 0 0.546121
13 0 0.450359
14 0 0.375902
15 0 0.308774
16 0 0.329624
17 0 0.353038
18 0 0.325134
19 0 0.294573
20 0 0.286164

0 1 0.891662
1 1 1.13877
2 1 1.31185
3 1 1.07956
4 1 0
5 1 0
6 1 0
7 1 0.642072
8 1 0.697564
9 1 0.729681
10 1 0.690004
11 1 0.593326
12 1 0.544494
13 1 0.449416
14 1 0.404239
15 1 0.338303
16 1 0.396111
17 1 0.531835
18 1 0.41395
19 1 0.337062
20 1 0.317051

0 2 0.877083
1 2 1.05769
2 2 1.34429
3 2 1.24022
4 2 0
5 2 0
6 2 0
7 2 0.787788
8 2 0.664672
9 2 0.639493
10 2 0.607165
11 2 0.543407
12 2 0.457595
13 2 0.411771
14 2 0.369397
15 2 0.382137
16 2 0.444229
17 2 0.576223
18 2 0.499164
19 2 0.405158
20 2 0.344385

0 3 0.686935
1 3 0.953726
2 3 1.02263
3 3 1.01908
4 3 0
5 3 0
6 3 0
7 3 0.730538
8 3 0.683082
9 3 0.626528
10 3 0.549936
11 3 0.552082
12 3 0.393953
13 3 0.353044
14 3 0.371374
15 3 0.44974
16 3 0.513147
17 3 0.662763
18 3 0.620191
19 3 0.501894
20 3 0.428152

0 4 0.592634
1 4 0.801294
2 4 0.874514
3 4 0.713679
4 4 0
5 4 0
6 4 0
7 4 0.602721
8 4 0.48125
9 4 0.546033
10 4 0.458483
11 4 0.412609
12 4 0.360589
13 4 0.379885
14 4 0.43686
15 4 0.489249
16 4 0.586537
17 4 0.942014
18 4 0.741168
19 4 0.608424
20 4 0.531618

0 5 0.465115
1 5 0.599473
2 5 0.702311
3 5 0.463406
4 5 0
5 5 0
6 5 0
7 5 0.41814
8 5 0.425002
9 5 0.423155
10 5 0.447887
11 5 0.38344
12 5 0.324419
13 5 0
14 5 0
15 5 0
16 5 1.13956
17 5 2.21626
18 5 0.848676
19 5 0.717013
20 5 0.604324

0 6 0.39644
1 6 0.386782
2 6 0.385034
3 6 0.355038
4 6 0
5 6 0
6 6 0
7 6 0.478034
8 6 0.461977
9 6 0.428856
10 6 0.418757
11 6 0.407036
12 6 0.366733
13 6 0
14 6 0
15 6 0
16 6 0.849695
17 6 1.22473
18 6 0.879286
19 6 0.692804
20 6 0.653788

0 7 0.405277
1 7 0.442489
2 7 0.480632
3 7 0.467916
4 7 0
5 7 0
6 7 0
7 7 0.549619
8 7 0.648725
9 7 0.53238
10 7 0.47487
11 7 0.427629
12 7 0.442249
13 7 0
14 7 0
15 7 0
16 7 0.715144
17 7 0.695875
18 7 0.645245
19 7 0.620361
20 7 0.567993

0 8 0.468356
1 8 0.501408
2 8 0.52417
3 8 0.533125
4 8 0
5 8 0
6 8 0
7 8 0.710916
8 8 0.770564
9 8 0.630744
10 8 0.537944
11 8 0.508066
12 8 0.52454
13 8 0
14 8 0
15 8 0
16 8 0.589699
17 8 0.6018
18 8 0.636145
19 8 0.604394
20 8 0.552935

0 9 0.532725
1 9 0.584717
2 9 0.700208
3 9 0.770983
4 9 0
5 9 0
6 9 0
7 9 0.71211
8 9 1.19416
9 9 0.763479
10 9 0.615677
11 9 0.52382
12 9 0.506402
13 9 0
14 9 0
15 9 0
16 9 0.586328
17 9 0.602621
18 9 0.612815
19 9 0.575369
20 9 0.558616

0 10 0.675768
1 10 0.699763
2 10 0.852873
3 10 1.35468
4 10 0
5 10 0
6 10 0
7 10 0.697239
8 10 0.812096
9 10 0.714256
10 10 0.611201
11 10 0.541835
12 10 0.47293
13 10 0
14 10 0
15 10 0
16 10 0.558812
17 10 0.582749
18 10 0.597442
19 10 0.558499
20 10 0.558851

0 11 0.591967
1 11 0.879307
2 11 1.56319
3 11 1.64651
4 11 0
5 11 0
6 11 0
7 11 0
8 11 0
9 11 0
10 11 0
11 11 0
12 11 0
13 11 0
14 11 0
15 11 0
16 11 0.534584
17 11 0.58119
18 11 0.583473
19 11 0.548654
20 11 0.538941

0 12 0.804113
1 12 1.20069
2 12 1.58176
3 12 1.60603
4 12 0
5 12 0
6 12 0
7 12 0
8 12 0
9 12 0
10 12 0
11 12 0
12 12 0
13 12 0
14 12 0
15 12 0
16 12 0.515501
17 12 0.593168
18 12 0.627271
19 12 0.713306
20 12 0.664382

0 13 0.587149
1 13 0.919659
2 13 1.23221
3 13 1.27664
4 13 0
5 13 0
6 13 0
7 13 0
8 13 0
9 13 0
10 13 0
11 13 0
12 13 0
13 13 0
14 13 0
15 13 0
16 13 0.559614
17 13 0.658007
18 13 0.680722
19 13 0.76014
20 13 0.773188

0 14 0.513659
1 14 0.576731
2 14 0.857057
3 14 0.805264
4 14 0.588973
5 14 0.519895
6 14 0.458755
7 14 0.476765
8 14 0.400482
9 14 0.388244
10 14 0.347939
11 14 0.352296
12 14 0.408956
13 14 0.429366
14 14 0.506442
15 14 0.574355
16 14 0.827703
17 14 0.715101
18 14 0.751852
19 14 0.897641
20 14 0.797353

0 15 0.464746
1 15 0.480522
2 15 0.578107
3 15 0.581073
4 15 0.539502
5 15 0.678274
6 15 0.543827
7 15 0.619354
8 15 0.502818
9 15 0.45888
10 15 0.400893
11 15 0.376803
12 15 0.379775
13 15 0.466311
14 15 0.560959
15 15 0.624012
16 15 0.746502
17 15 0.824554
18 15 0.946653
19 15 1.4345
20 15 1.14922

0 16 0.434633
1 16 0.467516
2 16 0.507906
3 16 0.58511
4 16 0.760236
5 16 0.90162
6 16 0.776849
7 16 0.758153
8 16 0.600746
9 16 0.501955
10 16 0.442627
11 16 0.414773
12 16 0.433888
13 16 0.504594
14 16 0.619718
15 16 0.691312
16 16 0.815382
17 16 0.942093
18 16 1.29728
19 16 1.62556
20 16 1.45067

0 17 0.400185
1 17 0.454693
2 17 0.651669
3 17 0.749705
4 17 0.933228
5 17 1.1453
6 17 1.02114
7 17 0.860791
8 17 0.734659
9 17 0.669597
10 17 0.552997
11 17 0.460582
12 17 0.452661
13 17 0.569983
14 17 0.64665
15 17 0.759421
16 17 0.965849
17 17 1.28655
18 17 1.62658
19 17 1.61063
20 17 1.93968

0 18 0.418394
1 18 0.488887
2 18 0.689121
3 18 0.89395
4 18 1.02629
5 18 1.23469
6 18 1.30884
7 18 1.02527
8 18 0.826054
9 18 0.735554
10 18 0.616312
11 18 0.664028
12 18 0.432691
13 18 0.479122
14 18 0.549185
15 18 0.759382
16 18 0.803266
17 18 0.890069
18 18 1.20252
19 18 1.13598
20 18 1.04918

0 19 0.435749
1 19 0.519311
2 19 0.614417
3 19 0.896748
4 19 1.08826
5 19 1.39521
6 19 1.94295
7 19 1.26082
8 19 0.938767
9 19 0.773607
10 19 0.601743
11 19 0.504025
12 19 0.438364
13 19 0.439889
14 19 0.540658
15 19 0.631285
16 19 0.71767
17 19 0.784279
18 19 0.886949
19 19 0.948274
20 19 0.993067

0 20 0.486373
1 20 0.566114
2 20 0.685659
3 20 0.798942
4 20 1.04306
5 20 1.15093
6 20 1.27208
7 20 0.976898
8 20 0.882935
9 20 0.814255
10 20 0.722502
11 20 0.533143
12 20 0.449688
13 20 0.398636
14 20 0.459165
15 20 0.551193
16 20 0.65295
17 20 0.740475
18 20 0.863493
19 20 0.882027
20 20 0.832184

