0 0 0.00494973
1 0 0.00472511
2 0 0.00474215
3 0 0.00468827
4 0 0
5 0 0
6 0 0
7 0 0.0172257
8 0 0.0206074
9 0 0.0282781
10 0 0.0823001
11 0 0.0481798
12 0 0.0328351
13 0 0.060648
14 0 0.0280436
15 0 0.0438719
16 0 0.0184034
17 0 0.0194891
18 0 0.0138218
19 0 0.0118707
20 0 0.0110335

0 1 0.00515955
1 1 0.00506085
2 1 0.00506748
3 1 0.00497986
4 1 0
5 1 0
6 1 0
7 1 0.031657
8 1 0.0366754
9 1 0.0631568
10 1 0.154933
11 1 0.157453
12 1 0.108709
13 1 0.156857
14 1 0.0954873
15 1 0.0951537
16 1 0.0615892
17 1 0.0381782
18 1 0.0237686
19 1 0.0139204
20 1 0.0116364

0 2 0.00627801
1 2 0.00644045
2 2 0.00660806
3 2 0.00645083
4 2 0
5 2 0
6 2 0
7 2 0.0485168
8 2 0.0709578
9 2 0.0619391
10 2 0.245547
11 2 0.274507
12 2 0.20962
13 2 0.349734
14 2 0.226177
15 2 0.138504
16 2 0.0663309
17 2 0.0328228
18 2 0.0174826
19 2 0.0138795
20 2 0.0125655

0 3 0.00696996
1 3 0.00684343
2 3 0.00832009
3 3 0.00862332
4 3 0
5 3 0
6 3 0
7 3 0.0369645
8 3 0.127988
9 3 0.202634
10 3 0.302099
11 3 0.368854
12 3 0.443443
13 3 0.592685
14 3 0.380847
15 3 0.209309
16 3 0.103675
17 3 0.0600517
18 3 0.0334457
19 3 0.0196468
20 3 0.0138387

0 4 0.00735059
1 4 0.00783515
2 4 0.00993668
3 4 0.011292
4 4 0
5 4 0
6 4 0
7 4 0.0573389
8 4 0.0904434
9 4 0.235534
10 4 0.385731
11 4 0.456287
12 4 0.585303
13 4 0.746962
14 4 0.492224
15 4 0.348814
16 4 0.189494
17 4 0.0878174
18 4 0.0589037
19 4 0.0340926
20 4 0.0157315

0 5 0.00842432
1 5 0.00947639
2 5 0.0127743
3 5 0.0142789
4 5 0
5 5 0
6 5 0
7 5 0.032772
8 5 0.0919675
9 5 0.183425
10 5 0.293085
11 5 0.526052
12 5 0.439629
13 5 0
14 5 0
15 5 0
16 5 0.045696
17 5 0.0227079
18 5 0.0283785
19 5 0.0198514
20 5 0.0139993

0 6 0.0104963
1 6 0.0128483
2 6 0.0155579
3 6 0.017197
4 6 0
5 6 0
6 6 0
7 6 0.0163017
8 6 0.075744
9 6 0.21371
10 6 0.337858
11 6 0.374381
12 6 0.383224
13 6 0
14 6 0
15 6 0
16 6 0.0201121
17 6 0.0182222
18 6 0.0168482
19 6 0.0148679
20 6 0.014648

0 7 0.0124659
1 7 0.0159765
2 7 0.0188496
3 7 0.0211518
4 7 0
5 7 0
6 7 0
7 7 0.0280047
8 7 0.0800576
9 7 0.118515
10 7 0.221272
11 7 0.343236
12 7 0.249616
13 7 0
14 7 0
15 7 0
16 7 0.0222053
17 7 0.0188219
18 7 0.0171934
19 7 0.0161402
20 7 0.0157598

0 8 0.0161655
1 8 0.0199857
2 8 0.0228918
3 8 0.0242623
4 8 0
5 8 0
6 8 0
7 8 0.0202231
8 8 0.0379992
9 8 0.0720753
10 8 0.117354
11 8 0.16109
12 8 0.158366
13 8 0
14 8 0
15 8 0
16 8 0.025414
17 8 0.0217913
18 8 0.0192527
19 8 0.0181937
20 8 0.017907

0 9 0.0204604
1 9 0.0238296
2 9 0.0275619
3 9 0.0308249
4 9 0
5 9 0
6 9 0
7 9 0.0131999
8 9 0.0173802
9 9 0.0262658
10 9 0.0651672
11 9 0.0796729
12 9 0.088995
13 9 0
14 9 0
15 9 0
16 9 0.0331475
17 9 0.027547
18 9 0.0229685
19 9 0.0207097
20 9 0.0200965

0 10 0.0256831
1 10 0.0306328
2 10 0.033646
3 10 0.0390631
4 10 0
5 10 0
6 10 0
7 10 0.0115625
8 10 0.0132288
9 10 0.0189813
10 10 0.0363107
11 10 0.0289211
12 10 0.0203065
13 10 0
14 10 0
15 10 0
16 10 0.0409079
17 10 0.0376787
18 10 0.028437
19 10 0.0244691
20 10 0.0241327

0 11 0.0312024
1 11 0.0381819
2 11 0.0417544
3 11 0.0493082
4 11 0
5 11 0
6 11 0
7 11 0
8 11 0
9 11 0
10 11 0
11 11 0
12 11 0
13 11 0
14 11 0
15 11 0
16 11 0.0476889
17 11 0.0417499
18 11 0.0372793
19 11 0.029954
20 11 0.0266276

0 12 0.0365638
1 12 0.0467469
2 12 0.0521113
3 12 0.059703
4 12 0
5 12 0
6 12 0
7 12 0
8 12 0
9 12 0
10 12 0
11 12 0
12 12 0
13 12 0
14 12 0
15 12 0
16 12 0.0618077
17 12 0.0543414
18 12 0.0465402
19 12 0.0373927
20 12 0.0312349

0 13 0.0423683
1 13 0.0500869
2 13 0.0623087
3 13 0.0706197
4 13 0
5 13 0
6 13 0
7 13 0
8 13 0
9 13 0
10 13 0
11 13 0
12 13 0
13 13 0
14 13 0
15 13 0
16 13 0.0810418
17 13 0.0664569
18 13 0.0555223
19 13 0.04307
20 13 0.0367667

0 14 0.0499624
1 14 0.0640837
2 14 0.0706006
3 14 0.083214
4 14 0.0926307
5 14 0.102619
6 14 0.119219
7 14 0.133035
8 14 0.219513
9 14 0.184597
10 14 0.183549
11 14 0.168296
12 14 0.13275
13 14 0.133085
14 14 0.13184
15 14 0.105516
16 14 0.0910859
17 14 0.0770456
18 14 0.0656004
19 14 0.0513814
20 14 0.0434742

0 15 0.0595005
1 15 0.0757446
2 15 0.0888587
3 15 0.102415
4 15 0.105767
5 15 0.110926
6 15 0.124245
7 15 0.12551
8 15 0.147822
9 15 0.214378
10 15 0.169281
11 15 0.143903
12 15 0.133675
13 15 0.124438
14 15 0.116703
15 15 0.110806
16 15 0.105302
17 15 0.0896932
18 15 0.0739279
19 15 0.0613593
20 15 0.0497711

0 16 0.0571522
1 16 0.0895434
2 16 0.10096
3 16 0.111586
4 16 0.112626
5 16 0.136117
6 16 0.126693
7 16 0.126625
8 16 0.135866
9 16 0.150344
10 16 0.156587
11 16 0.151766
12 16 0.143337
13 16 0.142546
14 16 0.139254
15 16 0.133795
16 16 0.128304
17 16 0.102591
18 16 0.0855011
19 16 0.0728865
20 16 0.0597459

0 17 0.0691468
1 17 0.0838764
2 17 0.104014
3 17 0.112236
4 17 0.130448
5 17 0.153005
6 17 0.141171
7 17 0.132307
8 17 0.142064
9 17 0.155998
10 17 0.162226
11 17 0.160957
12 17 0.155778
13 17 0.143626
14 17 0.141074
15 17 0.143334
16 17 0.137633
17 17 0.11211
18 17 0.0933045
19 17 0.0662518
20 17 0.0520102

0 18 0.0589138
1 18 0.0746176
2 18 0.0942882
3 18 0.104831
4 18 0.111644
5 18 0.130931
6 18 0.12656
7 18 0.13404
8 18 0.143758
9 18 0.151282
10 18 0.16635
11 18 0.16545
12 18 0.164796
13 18 0.155816
14 18 0.149858
15 18 0.141565
16 18 0.128961
17 18 0.0989125
18 18 0.0779145
19 18 0.0607424
20 18 0.0539131

0 19 0.0527206
1 19 0.0641099
2 19 0.0807861
3 19 0.0986344
4 19 0.106801
5 19 0.129914
6 19 0.134376
7 19 0.138022
8 19 0.147543
9 19 0.153509
10 19 0.157491
11 19 0.153365
12 19 0.153147
13 19 0.149831
14 19 0.144857
15 19 0.126124
16 19 0.109009
17 19 0.0807481
18 19 0.0658216
19 19 0.0572214
20 19 0.0444635

0 20 0.0465278
1 20 0.0625762
2 20 0.0771293
3 20 0.0922387
4 20 0.109498
5 20 0.125139
6 20 0.153463
7 20 0.153341
8 20 0.186525
9 20 0.156491
10 20 0.155908
11 20 0.15479
12 20 0.168593
13 20 0.158934
14 20 0.137353
15 20 0.110269
16 20 0.0891755
17 20 0.074499
18 20 0.0644108
19 20 0.0528969
20 20 0.0435964

