0 0 0
1 0 0
2 0 0
3 0 0
4 0 0
5 0 0
6 0 1.07265
7 0 1.17675
8 0 1.35024
9 0 1.64434
10 0 1.48084
11 0 1.38048
12 0 1.28771
13 0 1.26817
14 0 1.13505
15 0 0
16 0 0
17 0 0
18 0 0
19 0 0
20 0 0

0 1 0
1 1 0
2 1 0
3 1 0
4 1 0
5 1 0
6 1 1.19016
7 1 1.3314
8 1 1.53653
9 1 1.74937
10 1 1.74558
11 1 1.7086
12 1 1.56923
13 1 1.4301
14 1 1.23204
15 1 0
16 1 0
17 1 0
18 1 0
19 1 0
20 1 0

0 2 0
1 2 0
2 2 0
3 2 0
4 2 0
5 2 0
6 2 1.35695
7 2 1.52703
8 2 1.69633
9 2 2.04566
10 2 1.97852
11 2 2.09998
12 2 1.94052
13 2 1.66681
14 2 1.35888
15 2 0
16 2 0
17 2 0
18 2 0
19 2 0
20 2 0

0 3 0
1 3 0
2 3 0
3 3 0
4 3 0
5 3 0
6 3 1.87435
7 3 1.802
8 3 1.95095
9 3 2.25165
10 3 2.45104
11 3 2.32214
12 3 2.20635
13 3 1.87539
14 3 1.51644
15 3 0
16 3 0
17 3 0
18 3 0
19 3 0
20 3 0

0 4 0
1 4 0
2 4 0
3 4 0
4 4 0
5 4 0
6 4 2.07375
7 4 2.10919
8 4 2.40332
9 4 2.55759
10 4 2.78572
11 4 2.69573
12 4 2.67559
13 4 2.27976
14 4 1.90281
15 4 0
16 4 0
17 4 0
18 4 0
19 4 0
20 4 0

0 5 0
1 5 0
2 5 0
3 5 0
4 5 0
5 5 0
6 5 2.23063
7 5 2.53249
8 5 2.89772
9 5 3.17342
10 5 3.41349
11 5 3.37072
12 5 2.97894
13 5 2.39527
14 5 1.92446
15 5 0
16 5 0
17 5 0
18 5 0
19 5 0
20 5 0

0 6 0
1 6 0
2 6 0
3 6 0
4 6 0
5 6 0
6 6 0
7 6 0
8 6 3.4186
9 6 3.87994
10 6 3.89855
11 6 3.83637
12 6 3.52125
13 6 0
14 6 0
15 6 0
16 6 0
17 6 0
18 6 0
19 6 0
20 6 0

0 7 1.40789
1 7 1.51223
2 7 1.91293
3 7 1.92906
4 7 2.3465
5 7 2.57981
6 7 3.20976
7 7 3.77363
8 7 4.41691
9 7 4.47427
10 7 4.70036
11 7 4.39143
12 7 3.9378
13 7 3.55473
14 7 3.09657
15 7 2.8307
16 7 2.53463
17 7 2.17082
18 7 1.96527
19 7 1.74439
20 7 1.84539

0 8 1.54536
1 8 1.79123
2 8 2.32187
3 8 2.38293
4 8 2.85572
5 8 3.20815
6 8 3.69581
7 8 4.3111
8 8 5.01415
9 8 5.27925
10 8 5.56905
11 8 5.08285
12 8 4.82584
13 8 4.07135
14 8 3.59699
15 8 3.0387
16 8 2.69218
17 8 2.45237
18 8 2.10211
19 8 1.76417
20 8 1.61678

0 9 1.76256
1 9 2.11355
2 9 2.52596
3 9 2.98079
4 9 3.44463
5 9 3.69837
6 9 4.40616
7 9 5.07206
8 9 5.78118
9 9 6.52436
10 9 6.38986
11 9 6.18742
12 9 5.11662
13 9 4.68893
14 9 3.98399
15 9 3.52873
16 9 3.13941
17 9 2.65989
18 9 2.13312
19 9 1.93921
20 9 1.71411

0 10 2.10495
1 10 2.3769
2 10 2.80805
3 10 3.25433
4 10 3.7303
5 10 4.25869
6 10 4.90361
7 10 5.91798
8 10 6.49584
9 10 6.85508
10 10 7.17938
11 10 6.85859
12 10 5.87037
13 10 5.36121
14 10 4.61615
15 10 4.03051
16 10 3.39998
17 10 2.81641
18 10 2.42422
19 10 2.07413
20 10 1.84119

0 11 2.34235
1 11 2.58244
2 11 3.06559
3 11 3.58536
4 11 3.9862
5 11 4.78185
6 11 5.7288
7 11 6.72082
8 11 7.3926
9 11 7.6813
10 11 7.68433
11 11 7.55288
12 11 6.66625
13 11 5.66399
14 11 5.11499
15 11 4.66509
16 11 3.81695
17 11 3.42151
18 11 2.67677
19 11 2.33697
20 11 2.0539

0 12 2.4842
1 12 2.92195
2 12 3.24023
3 12 3.84756
4 12 4.6456
5 12 5.52069
6 12 6.28833
7 12 7.25861
8 12 7.78186
9 12 7.66164
10 12 7.62646
11 12 7.63483
12 12 7.38495
13 12 6.49173
14 12 6.11146
15 12 5.30516
16 12 4.4042
17 12 3.66808
18 12 2.838
19 12 2.54197
20 12 2.40219

0 13 2.49072
1 13 3.29841
2 13 3.54161
3 13 4.38003
4 13 5.27291
5 13 6.06125
6 13 6.93355
7 13 7.24743
8 13 7.77614
9 13 7.80993
10 13 7.62042
11 13 7.66962
12 13 7.60268
13 13 7.06184
14 13 6.35748
15 13 5.20868
16 13 4.44948
17 13 3.94053
18 13 3.42564
19 13 2.9155
20 13 2.5585

0 14 2.34987
1 14 3.18023
2 14 3.4756
3 14 3.93016
4 14 4.81303
5 14 5.921
6 14 6.98568
7 14 7.05603
8 14 7.28572
9 14 7.71502
10 14 7.84258
11 14 7.80281
12 14 7.23698
13 14 6.67194
14 14 5.63559
15 14 4.58826
16 14 4.10901
17 14 3.56618
18 14 2.95213
19 14 2.47939
20 14 2.24351

0 15 2.25739
1 15 2.81884
2 15 3.10309
3 15 3.60173
4 15 4.41944
5 15 5.47202
6 15 6.1044
7 15 6.81782
8 15 7.23403
9 15 7.43425
10 15 7.37031
11 15 7.21337
12 15 6.67968
13 15 5.78915
14 15 4.74743
15 15 4.40755
16 15 4.03003
17 15 3.04934
18 15 2.68575
19 15 2.31887
20 15 2.01324

0 16 2.09721
1 16 2.42222
2 16 2.75364
3 16 3.31931
4 16 3.96124
5 16 4.67219
6 16 5.27114
7 16 5.75204
8 16 6.49923
9 16 7.03745
10 16 6.67337
11 16 6.61313
12 16 6.07403
13 16 5.33347
14 16 4.29428
15 16 4.00463
16 16 3.28597
17 16 2.73312
18 16 2.48675
19 16 2.09217
20 16 1.86651

0 17 1.91387
1 17 2.1236
2 17 2.30792
3 17 2.80525
4 17 3.44904
5 17 3.98402
6 17 4.33205
7 17 4.8831
8 17 5.60043
9 17 6.26751
10 17 6.11482
11 17 6.1443
12 17 5.16301
13 17 4.28577
14 17 3.68206
15 17 3.19982
16 17 2.71499
17 17 2.44148
18 17 2.12394
19 17 1.89258
20 17 1.83309

0 18 1.73157
1 18 1.7867
2 18 2.11068
3 18 2.48763
4 18 2.95611
5 18 3.45193
6 18 3.94274
7 18 4.57979
8 18 4.74719
9 18 5.45624
10 18 5.30654
11 18 5.18725
12 18 4.35998
13 18 3.7927
14 18 3.46251
15 18 2.84432
16 18 2.31502
17 18 2.21202
18 18 1.98836
19 18 1.78912
20 18 1.63062

0 19 1.48288
1 19 1.5706
2 19 1.83057
3 19 2.19362
4 19 2.49702
5 19 2.78039
6 19 3.32377
7 19 3.60731
8 19 3.72258
9 19 4.47437
10 19 4.49617
11 19 4.43189
12 19 3.87973
13 19 3.38308
14 19 3.17435
15 19 2.65266
16 19 2.41616
17 19 2.08479
18 19 1.75021
19 19 1.63543
20 19 1.47464

0 20 1.41244
1 20 1.45917
2 20 1.75863
3 20 1.99614
4 20 2.13733
5 20 2.42509
6 20 2.76362
7 20 2.93753
8 20 3.15718
9 20 3.71831
10 20 3.8863
11 20 3.94143
12 20 3.22846
13 20 2.8943
14 20 2.7043
15 20 2.43557
16 20 2.37299
17 20 2.09694
18 20 1.83545
19 20 1.47129
20 20 1.34771

