0 0 0.0419967
1 0 0.0669707
2 0 0.102239
3 0 0.071497
4 0 0.0827734
5 0 0.0908628
6 0 0.112187
7 0 0.128951
8 0 0.152633
9 0 0.180327
10 0 0.182359
11 0 0.178068
12 0 0.161676
13 0 0.136019
14 0 0.141016
15 0 0.120772
16 0 0.101849
17 0 0.0847159
18 0 0.0731858
19 0 0.060355
20 0 0.0525733

0 1 0.050081
1 1 0.0569127
2 1 0.0682238
3 1 0.0804197
4 1 0.0940487
5 1 0.109063
6 1 0.119185
7 1 0.144297
8 1 0.181212
9 1 0.217334
10 1 0.233881
11 1 0.217714
12 1 0.202998
13 1 0.178079
14 1 0.176998
15 1 0.144581
16 1 0.124543
17 1 0.101957
18 1 0.0866263
19 1 0.0734194
20 1 0.063342

0 2 0.0573925
1 2 0.077048
2 2 0.0780732
3 2 0.0886687
4 2 0.10721
5 2 0.126219
6 2 0.161239
7 2 0.192912
8 2 0.222073
9 2 0.265462
10 2 0.281765
11 2 0.274355
12 2 0.251814
13 2 0.225536
14 2 0.224484
15 2 0.172339
16 2 0.149727
17 2 0.117372
18 2 0.112265
19 2 0.0955673
20 2 0.0836049

0 3 0.0732026
1 3 0.142411
2 3 0.0957076
3 3 0.11092
4 3 0.129978
5 3 0.154077
6 3 0.181469
7 3 0.215701
8 3 0.246876
9 3 0.307513
10 3 0.328682
11 3 0.345285
12 3 0.378031
13 3 0.2766
14 3 0.269587
15 3 0.20477
16 3 0.183338
17 3 0.142981
18 3 0.125088
19 3 0.106272
20 3 0.096969

0 4 0.0795767
1 4 0.0914071
2 4 0.110249
3 4 0.130461
4 4 0.16134
5 4 0.191899
6 4 0.232076
7 4 0.265934
8 4 0.306525
9 4 0.372839
10 4 0.409511
11 4 0.411635
12 4 0.356387
13 4 0.317152
14 4 0.317452
15 4 0.264433
16 4 0.224257
17 4 0.176228
18 4 0.147107
19 4 0.135058
20 4 0.0978273

0 5 0.0994236
1 5 0.109092
2 5 0.21986
3 5 0.163771
4 5 0.177061
5 5 0.223507
6 5 0.269447
7 5 0.331464
8 5 0.39699
9 5 0.471535
10 5 0.511995
11 5 0.506843
12 5 0.445346
13 5 0.411116
14 5 0.362332
15 5 0.32215
16 5 0.25459
17 5 0.191581
18 5 0.174742
19 5 0.152429
20 5 0.118605

0 6 0.117047
1 6 0.130808
2 6 0.152628
3 6 0.188169
4 6 0.220442
5 6 0.266639
6 6 0.298426
7 6 0.39223
8 6 0.473646
9 6 0.547569
10 6 0.593126
11 6 0.635381
12 6 0.54342
13 6 0.489376
14 6 0.546957
15 6 0.37795
16 6 0.307303
17 6 0.24579
18 6 0.192482
19 6 0.167181
20 6 0.143348

0 7 0.133686
1 7 0.151698
2 7 0.174062
3 7 0.215621
4 7 0.23847
5 7 0.314507
6 7 0.358977
7 7 0.47269
8 7 0.660881
9 7 0.750747
10 7 0.756918
11 7 0.795298
12 7 0.75585
13 7 0.603931
14 7 0.547736
15 7 0.446663
16 7 0.375904
17 7 0.302039
18 7 0.247185
19 7 0.201165
20 7 0.167999

0 8 0.161644
1 8 0.183187
2 8 0.219282
3 8 0.255958
4 8 0.302195
5 8 0.341473
6 8 0.486939
7 8 0.566929
8 8 0.818944
9 8 0.911267
10 8 1.06509
11 8 0.943183
12 8 0.849952
13 8 0.739884
14 8 0.688726
15 8 0.542031
16 8 0.44765
17 8 0.362252
18 8 0.277109
19 8 0.240344
20 8 0.186539

0 9 0.190563
1 9 0.219923
2 9 0.259189
3 9 0.280684
4 9 0.374722
5 9 0.422307
6 9 0.550695
7 9 0.656716
8 9 0.853371
9 9 1.05665
10 9 1.19697
11 9 1.15089
12 9 1.05672
13 9 0.93175
14 9 0.805004
15 9 0.67732
16 9 0.538138
17 9 0.415811
18 9 0.343401
19 9 0.286982
20 9 0.238206

0 10 0.216154
1 10 0.264207
2 10 0.294651
3 10 0.331784
4 10 0.440441
5 10 0.513142
6 10 0.595053
7 10 0.777764
8 10 1.02548
9 10 1.20547
10 10 1.32662
11 10 1.42216
12 10 1.34076
13 10 1.14548
14 10 0.973346
15 10 0.791719
16 10 0.653839
17 10 0.499489
18 10 0.40511
19 10 0.319677
20 10 0.246348

0 11 0.249418
1 11 0.288077
2 11 0.343913
3 11 0.421374
4 11 0.505364
5 11 0.627877
6 11 0.726452
7 11 0.929279
8 11 1.11829
9 11 1.38745
10 11 1.56097
11 11 1.59448
12 11 1.42767
13 11 1.21801
14 11 1.06051
15 11 0.812158
16 11 0.694021
17 11 0.578057
18 11 0.446526
19 11 0.342615
20 11 0.286028

0 12 0.270966
1 12 0.333223
2 12 0.40355
3 12 0.516635
4 12 0.602097
5 12 0.711129
6 12 0.886447
7 12 1.07926
8 12 1.31158
9 12 1.49701
10 12 1.62409
11 12 2.1387
12 12 1.53635
13 12 1.3708
14 12 1.20118
15 12 1.0177
16 12 0.825195
17 12 0.666695
18 12 0.471296
19 12 0.376718
20 12 0.325421

0 13 0.302061
1 13 0.343164
2 13 0.452991
3 13 0.545906
4 13 0.677089
5 13 0.781808
6 13 0.986129
7 13 1.20051
8 13 1.41428
9 13 1.62289
10 13 1.67967
11 13 1.69154
12 13 1.73813
13 13 1.45246
14 13 1.24046
15 13 1.06276
16 13 0.839704
17 13 0.716167
18 13 0.529787
19 13 0.450599
20 13 0.3657

0 14 0.275224
1 14 0.325543
2 14 0.387218
3 14 0.527042
4 14 0.703384
5 14 0.86069
6 14 0.914279
7 14 1.24878
8 14 1.71838
9 14 1.93529
10 14 2.16997
11 14 1.66761
12 14 1.68275
13 14 1.34796
14 14 1.10095
15 14 0.868742
16 14 0.734798
17 14 0.586477
18 14 0.513035
19 14 0.448021
20 14 0.386078

0 15 0.253257
1 15 0.292335
2 15 0.350937
3 15 0.420245
4 15 0.542949
5 15 0.698063
6 15 0.816731
7 15 0.963288
8 15 1.29449
9 15 1.7109
10 15 2.01265
11 15 1.65006
12 15 1.35363
13 15 1.03404
14 15 1.00003
15 15 0.75287
16 15 0.660931
17 15 0.53267
18 15 0.457515
19 15 0.389551
20 15 0.302617

0 16 0.224674
1 16 0.252656
2 16 0.281356
3 16 0.353058
4 16 0.42465
5 16 0.559226
6 16 0.73776
7 16 0.931067
8 16 1.08692
9 16 1.34244
10 16 1.6245
11 16 1.40508
12 16 1.16169
13 16 0.921441
14 16 0.859619
15 16 0.63767
16 16 0.555574
17 16 0.46105
18 16 0.406977
19 16 0.318284
20 16 0.238686

0 17 0.185599
1 17 0.218139
2 17 0.246652
3 17 0.304235
4 17 0.353645
5 17 0.462507
6 17 0.576047
7 17 0.760066
8 17 0.844585
9 17 0.97816
10 17 1.26122
11 17 1.11528
12 17 0.934571
13 17 0.79768
14 17 0.620962
15 17 0.55792
16 17 0.472973
17 17 0.374705
18 17 0.302489
19 17 0.264776
20 17 0.210983

0 18 0.156948
1 18 0.176582
2 18 0.216965
3 18 0.255039
4 18 0.301789
5 18 0.34841
6 18 0.440491
7 18 0.549219
8 18 0.717717
9 18 0.714531
10 18 0.88048
11 18 0.835779
12 18 0.799978
13 18 0.659625
14 18 0.5421
15 18 0.479627
16 18 0.404028
17 18 0.304695
18 18 0.265151
19 18 0.213168
20 18 0.171832

0 19 0.141458
1 19 0.159329
2 19 0.188155
3 19 0.210136
4 19 0.253118
5 19 0.309367
6 19 0.353638
7 19 0.441459
8 19 0.552379
9 19 0.543515
10 19 0.607358
11 19 0.616596
12 19 0.604567
13 19 0.537889
14 19 0.465047
15 19 0.380591
16 19 0.328522
17 19 0.25397
18 19 0.213015
19 19 0.189124
20 19 0.157552

0 20 0.135743
1 20 0.14494
2 20 0.17018
3 20 0.193047
4 20 0.23473
5 20 0.279036
6 20 0.336841
7 20 0.382604
8 20 0.441996
9 20 0.485552
10 20 0.526699
11 20 0.530911
12 20 0.504947
13 20 0.433666
14 20 0.377384
15 20 0.330497
16 20 0.275959
17 20 0.22601
18 20 0.186304
19 20 0.1579
20 20 0.139842

