0 0 0.0204152
1 0 0.0257038
2 0 0.0318985
3 0 0.0410106
4 0 0.0463012
5 0 0.0560817
6 0 0.0621993
7 0 0.0810607
8 0 0.0938786
9 0 0.0748658
10 0 0.0898243
11 0 0.0839942
12 0 0.0739199
13 0 0.0626032
14 0 0.0541164
15 0 0.0455381
16 0 0.037212
17 0 0.0288162
18 0 0.0240973
19 0 0.019962
20 0 0.0179039

0 1 0.0244593
1 1 0.0305867
2 1 0.0385364
3 1 0.0475648
4 1 0.0613872
5 1 0.0752092
6 1 0.0801304
7 1 0.0913844
8 1 0.115892
9 1 0.129408
10 1 0.118718
11 1 0.103108
12 1 0.089479
13 1 0.0731606
14 1 0.0634145
15 1 0.0535284
16 1 0.0441538
17 1 0.0350283
18 1 0.0333128
19 1 0.0241898
20 1 0.0202769

0 2 0.0291047
1 2 0.0367573
2 2 0.0432633
3 2 0.0551362
4 2 0.0730335
5 2 0.0868803
6 2 0.110775
7 2 0.128194
8 2 0.155375
9 2 0.166168
10 2 0.149905
11 2 0.134631
12 2 0.111235
13 2 0.0939272
14 2 0.074743
15 2 0.062505
16 2 0.0572134
17 2 0.0452191
18 2 0.0395119
19 2 0.031818
20 2 0.0252657

0 3 0.03716
1 3 0.0460119
2 3 0.0569059
3 3 0.0636183
4 3 0.0821632
5 3 0.110753
6 3 0.139105
7 3 0.16479
8 3 0.196421
9 3 0.207415
10 3 0.191925
11 3 0.171277
12 3 0.140533
13 3 0.121726
14 3 0.100181
15 3 0.0829655
16 3 0.0672685
17 3 0.0540406
18 3 0.0430658
19 3 0.0380337
20 3 0.0320886

0 4 0.0403847
1 4 0.0521737
2 4 0.0667692
3 4 0.0771187
4 4 0.113433
5 4 0.139947
6 4 0.172306
7 4 0.201068
8 4 0.241974
9 4 0.267317
10 4 0.230892
11 4 0.187882
12 4 0.172296
13 4 0.148332
14 4 0.116166
15 4 0.0974258
16 4 0.0841191
17 4 0.0704377
18 4 0.051814
19 4 0.0424694
20 4 0.0339581

0 5 0.0513561
1 5 0.0644684
2 5 0.0753524
3 5 0.0933234
4 5 0.127482
5 5 0.166765
6 5 0.217485
7 5 0.249559
8 5 0.292151
9 5 0.313421
10 5 0.291678
11 5 0.239511
12 5 0.215064
13 5 0.175033
14 5 0.152746
15 5 0.122935
16 5 0.097238
17 5 0.081061
18 5 0.0692277
19 5 0.0566052
20 5 0.0406525

0 6 0.0631401
1 6 0.0776728
2 6 0.0861137
3 6 0.115743
4 6 0.145235
5 6 0.205215
6 6 0.252832
7 6 0.29785
8 6 0.33216
9 6 0.389468
10 6 0.347286
11 6 0.300132
12 6 0.244982
13 6 0.20815
14 6 0.168703
15 6 0.148327
16 6 0.115909
17 6 0.10085
18 6 0.0859375
19 6 0.0667551
20 6 0.0496087

0 7 0.0735436
1 7 0.0891614
2 7 0.101803
3 7 0.141336
4 7 0.162423
5 7 0.254688
6 7 0.318642
7 7 0.347641
8 7 0.392631
9 7 0.460702
10 7 0.397736
11 7 0.350786
12 7 0.30037
13 7 0.255762
14 7 0.233094
15 7 0.189741
16 7 0.15593
17 7 0.126274
18 7 0.0993139
19 7 0.0722421
20 7 0.0548919

0 8 0.0857352
1 8 0.107862
2 8 0.132277
3 8 0.159236
4 8 0.198432
5 8 0.235558
6 8 0.312389
7 8 0.447361
8 8 0.523645
9 8 0.604531
10 8 0.485128
11 8 0.429672
12 8 0.381553
13 8 0.305841
14 8 0.283013
15 8 0.237831
16 8 0.179132
17 8 0.133747
18 8 0.1131
19 8 0.0905741
20 8 0.0706469

0 9 0.112592
1 9 0.139326
2 9 0.153857
3 9 0.192834
4 9 0.252348
5 9 0.272252
6 9 0.35677
7 9 0.589303
8 9 0.639327
9 9 0.934794
10 9 0.616259
11 9 0.506839
12 9 0.419393
13 9 0.368448
14 9 0.315344
15 9 0.244097
16 9 0.20788
17 9 0.166978
18 9 0.131426
19 9 0.106673
20 9 0.0763803

0 10 0.12432
1 10 0.157474
2 10 0.20242
3 10 0.24402
4 10 0.306124
5 10 0.3578
6 10 0.471944
7 10 0.682328
8 10 0.948979
9 10 1.29878
10 10 0.967599
11 10 0.652059
12 10 0.519331
13 10 0.44164
14 10 0.350004
15 10 0.278419
16 10 0.220622
17 10 0.174691
18 10 0.14341
19 10 0.114916
20 10 0.0853895

0 11 0.110998
1 11 0.139977
2 11 0.214846
3 11 0.275569
4 11 0.365346
5 11 0.440441
6 11 0.538899
7 11 0.757793
8 11 0.883349
9 11 1.19583
10 11 0.884516
11 11 0.584426
12 11 0.518754
13 11 0.462607
14 11 0.309413
15 11 0.237769
16 11 0.196049
17 11 0.163343
18 11 0.127197
19 11 0.100066
20 11 0.0798069

0 12 0.136465
1 12 0.160728
2 12 0.227424
3 12 0.260391
4 12 0.339138
5 12 0.433263
6 12 0.518706
7 12 0.627504
8 12 0.813551
9 12 0.848006
10 12 0.750706
11 12 0.56257
12 12 0.453575
13 12 0.367392
14 12 0.303858
15 12 0.244641
16 12 0.226899
17 12 0.183048
18 12 0.128077
19 12 0.0968825
20 12 0.0743021

0 13 0.128414
1 13 0.160917
2 13 0.184781
3 13 0.240316
4 13 0.29714
5 13 0.346966
6 13 0.417279
7 13 0.551162
8 13 0.72734
9 13 0.57462
10 13 0.485984
11 13 0.469507
12 13 0.39464
13 13 0.334869
14 13 0.267386
15 13 0.21194
16 13 0.187163
17 13 0.133349
18 13 0.101513
19 13 0.0784224
20 13 0.0714757

0 14 0.112233
1 14 0.135594
2 14 0.15454
3 14 0.17975
4 14 0.213199
5 14 0.266039
6 14 0.345743
7 14 0.439402
8 14 0.498831
9 14 0.4153
10 14 0.380501
11 14 0.390899
12 14 0.328021
13 14 0.277589
14 14 0.210596
15 14 0.183302
16 14 0.155809
17 14 0.132931
18 14 0.104295
19 14 0.0829239
20 14 0.05617

0 15 0.0865973
1 15 0.102578
2 15 0.132074
3 15 0.153364
4 15 0.190087
5 15 0.23872
6 15 0.280214
7 15 0.342027
8 15 0.384704
9 15 0.353693
10 15 0.325465
11 15 0.316363
12 15 0.247668
13 15 0.201268
14 15 0.16432
15 15 0.146175
16 15 0.127929
17 15 0.104803
18 15 0.0776947
19 15 0.0629152
20 15 0.0525089

0 16 0.0622116
1 16 0.0803908
2 16 0.102273
3 16 0.129555
4 16 0.155904
5 16 0.188461
6 16 0.2223
7 16 0.273671
8 16 0.322048
9 16 0.287864
10 16 0.257697
11 16 0.243852
12 16 0.190796
13 16 0.163076
14 16 0.141964
15 16 0.117691
16 16 0.0994603
17 16 0.0873183
18 16 0.0740677
19 16 0.0494809
20 16 0.046975

0 17 0.0450021
1 17 0.0603209
2 17 0.0848156
3 17 0.108454
4 17 0.135709
5 17 0.160824
6 17 0.183464
7 17 0.211597
8 17 0.191671
9 17 0.237934
10 17 0.205422
11 17 0.185655
12 17 0.157932
13 17 0.136347
14 17 0.118398
15 17 0.102591
16 17 0.0843821
17 17 0.0709219
18 17 0.0578688
19 17 0.0445493
20 17 0.0363505

0 18 0.0382525
1 18 0.050969
2 18 0.0654288
3 18 0.092
4 18 0.108247
5 18 0.118502
6 18 0.139845
7 18 0.17407
8 18 0.155837
9 18 0.195226
10 18 0.156067
11 18 0.149318
12 18 0.126079
13 18 0.109818
14 18 0.0917871
15 18 0.08338
16 18 0.0713956
17 18 0.0561455
18 18 0.046671
19 18 0.0355042
20 18 0.0308465

0 19 0.0318134
1 19 0.0356957
2 19 0.0469612
3 19 0.0757912
4 19 0.10282
5 19 0.102147
6 19 0.100307
7 19 0.122146
8 19 0.124749
9 19 0.162813
10 19 0.128096
11 19 0.102384
12 19 0.105273
13 19 0.0923109
14 19 0.0758695
15 19 0.068382
16 19 0.0581747
17 19 0.0475953
18 19 0.0361464
19 19 0.0298735
20 19 0.0259747

0 20 0.0226854
1 20 0.0291861
2 20 0.0395015
3 20 0.055313
4 20 0.0653651
5 20 0.0749558
6 20 0.086612
7 20 0.0965435
8 20 0.0960287
9 20 0.119176
10 20 0.0971785
11 20 0.0830553
12 20 0.0781494
13 20 0.0727979
14 20 0.0571744
15 20 0.0589594
16 20 0.0476437
17 20 0.0415883
18 20 0.0354694
19 20 0.026714
20 20 0.0215421

