0 0 0
1 0 0
2 0 0
3 0 0
4 0 0
5 0 0
6 0 1.03918
7 0 0.873635
8 0 0.754647
9 0 0.502715
10 0 0.405021
11 0 0.373934
12 0 0.379487
13 0 0.416821
14 0 0.433764
15 0 0
16 0 0
17 0 0
18 0 0
19 0 0
20 0 0

0 1 0
1 1 0
2 1 0
3 1 0
4 1 0
5 1 0
6 1 2.15071
7 1 1.2153
8 1 0.657773
9 1 0.559185
10 1 0.422855
11 1 0.385124
12 1 0.375541
13 1 0.390618
14 1 0.752408
15 1 0
16 1 0
17 1 0
18 1 0
19 1 0
20 1 0

0 2 0
1 2 0
2 2 0
3 2 0
4 2 0
5 2 0
6 2 1.07644
7 2 0.810626
8 2 0.684589
9 2 0.582369
10 2 0.498402
11 2 0.383666
12 2 0.446746
13 2 0.441538
14 2 1.10235
15 2 0
16 2 0
17 2 0
18 2 0
19 2 0
20 2 0

0 3 0
1 3 0
2 3 0
3 3 0
4 3 0
5 3 0
6 3 0.859402
7 3 0.775222
8 3 0.625972
9 3 0.490756
10 3 0.385091
11 3 0.406428
12 3 0.398275
13 3 0.422116
14 3 0.433493
15 3 0
16 3 0
17 3 0
18 3 0
19 3 0
20 3 0

0 4 0
1 4 0
2 4 0
3 4 0
4 4 0
5 4 0
6 4 0.791357
7 4 0.611192
8 4 0.455641
9 4 0.352302
10 4 0.359666
11 4 0.436293
12 4 0.60758
13 4 1.00531
14 4 0.524986
15 4 0
16 4 0
17 4 0
18 4 0
19 4 0
20 4 0

0 5 0
1 5 0
2 5 0
3 5 0
4 5 0
5 5 0
6 5 0.447165
7 5 0.447676
8 5 0.351627
9 5 0.329813
10 5 0.359293
11 5 0.41332
12 5 0.467243
13 5 0.550272
14 5 0.464741
15 5 0
16 5 0
17 5 0
18 5 0
19 5 0
20 5 0

0 6 0
1 6 0
2 6 0
3 6 0
4 6 0
5 6 0
6 6 0
7 6 0
8 6 0.337672
9 6 0.392432
10 6 0.426534
11 6 0.510504
12 6 0.424467
13 6 0
14 6 0
15 6 0
16 6 0
17 6 0
18 6 0
19 6 0
20 6 0

0 7 0.560271
1 7 0.64247
2 7 0.738218
3 7 0.573956
4 7 0.44926
5 7 0.298697
6 7 0.343698
7 7 0.411333
8 7 0.396918
9 7 0.491319
10 7 0.538744
11 7 0.598134
12 7 0.565456
13 7 0.500991
14 7 0.4891
15 7 0.55066
16 7 0.463588
17 7 0.373666
18 7 0.335635
19 7 0.517695
20 7 0.499119

0 8 0.761586
1 8 0.989276
2 8 0.671477
3 8 0.472353
4 8 0.315182
5 8 0.309361
6 8 0.447969
7 8 0.46291
8 8 0.469866
9 8 0.560873
10 8 0.661277
11 8 0.702947
12 8 0.650578
13 8 0.645613
14 8 0.586936
15 8 0.526069
16 8 0.513011
17 8 0.417161
18 8 0.356059
19 8 0.516932
20 8 0.491319

0 9 0.558515
1 9 0.597935
2 9 0.45085
3 9 0.302485
4 9 0.317554
5 9 0.351864
6 9 0.421668
7 9 0.515476
8 9 0.608042
9 9 0.693663
10 9 0.898344
11 9 0.893384
12 9 0.745103
13 9 0.861202
14 9 0.712595
15 9 0.555375
16 9 0.499702
17 9 0.443163
18 9 0.433728
19 9 0.36068
20 9 0.445043

0 10 0.422335
1 10 0.476584
2 10 0.357079
3 10 0.324482
4 10 0.380783
5 10 0.450663
6 10 0.51808
7 10 0.603427
8 10 0.70692
9 10 0.946771
10 10 1.08207
11 10 1.13006
12 10 0.993381
13 10 0.965619
14 10 0.851507
15 10 0.687095
16 10 0.589255
17 10 0.541457
18 10 0.573313
19 10 1.29918
20 10 0.782771

0 11 0.291196
1 11 0.310033
2 11 0.305462
3 11 0.330497
4 11 0.391281
5 11 0.534117
6 11 0.616354
7 11 0.761968
8 11 0.887649
9 11 0.974264
10 11 1.23454
11 11 1.4496
12 11 1.22551
13 11 1.30388
14 11 1.00083
15 11 0.846229
16 11 0.662206
17 11 0.62573
18 11 0.543589
19 11 0.396771
20 11 0.532856

0 12 0.269082
1 12 0.289342
2 12 0.327579
3 12 0.406905
4 12 0.455278
5 12 0.583813
6 12 0.65131
7 12 0.825882
8 12 1.02858
9 12 1.16452
10 12 1.4863
11 12 1.78394
12 12 1.78457
13 12 1.62335
14 12 1.24368
15 12 0.998605
16 12 0.80084
17 12 0.733369
18 12 0.569642
19 12 0.460621
20 12 0.370232

0 13 0.286162
1 13 0.337679
2 13 0.393847
3 13 0.472648
4 13 0.59695
5 13 0.703421
6 13 0.79059
7 13 0.959643
8 13 1.18994
9 13 1.49818
10 13 1.9331
11 13 2.32913
12 13 2.23926
13 13 1.79393
14 13 1.51166
15 13 1.11419
16 13 0.948313
17 13 0.747156
18 13 0.594207
19 13 0.473292
20 13 0.402575

0 14 0.329913
1 14 0.383507
2 14 0.447371
3 14 0.634431
4 14 0.734188
5 14 0.849623
6 14 0.956371
7 14 1.12528
8 14 1.44433
9 14 1.77892
10 14 2.15131
11 14 3.08599
12 14 2.47773
13 14 2.02223
14 14 1.74367
15 14 1.44561
16 14 1.14397
17 14 0.926669
18 14 0.743239
19 14 0.605712
20 14 0.48842

0 15 0.326896
1 15 0.385986
2 15 0.513334
3 15 0.628132
4 15 0.797006
5 15 0.883625
6 15 1.05709
7 15 1.28734
8 15 1.67803
9 15 1.98886
10 15 2.50985
11 15 3.69904
12 15 3.28837
13 15 2.55518
14 15 2.06066
15 15 1.61497
16 15 1.29485
17 15 1.05089
18 15 0.862
19 15 0.704032
20 15 0.545879

0 16 0.328417
1 16 0.411055
2 16 0.492825
3 16 0.566406
4 16 0.748293
5 16 0.887184
6 16 1.06654
7 16 1.20937
8 16 1.60968
9 16 1.86151
10 16 2.40828
11 16 2.77299
12 16 2.80242
13 16 2.30547
14 16 1.81913
15 16 1.40539
16 16 1.11058
17 16 0.988646
18 16 0.828706
19 16 0.677259
20 16 0.51758

0 17 0.31345
1 17 0.380613
2 17 0.470984
3 17 0.519455
4 17 0.583072
5 17 0.659372
6 17 0.87815
7 17 1.03033
8 17 1.33224
9 17 1.63846
10 17 1.99793
11 17 2.44999
12 17 2.31208
13 17 1.85255
14 17 1.42489
15 17 1.20722
16 17 0.973556
17 17 0.866282
18 17 0.652567
19 17 0.563768
20 17 0.449983

0 18 0.305328
1 18 0.368449
2 18 0.473292
3 18 0.45771
4 18 0.519836
5 18 0.627234
6 18 0.712196
7 18 0.860478
8 18 1.03927
9 18 1.25093
10 18 1.61795
11 18 1.79642
12 18 1.60228
13 18 1.42671
14 18 1.24767
15 18 1.05316
16 18 0.850012
17 18 0.664297
18 18 0.561913
19 18 0.485252
20 18 0.3847

0 19 0.269889
1 19 0.322089
2 19 0.355889
3 19 0.364679
4 19 0.449466
5 19 0.52911
6 19 0.638044
7 19 0.719276
8 19 0.846827
9 19 1.14375
10 19 1.26761
11 19 1.49311
12 19 1.22381
13 19 0.996158
14 19 0.869011
15 19 0.857313
16 19 0.725488
17 19 0.54449
18 19 0.482636
19 19 0.401404
20 19 0.316071

0 20 0.227163
1 20 0.260451
2 20 0.303122
3 20 0.35981
4 20 0.407487
5 20 0.467657
6 20 0.549487
7 20 0.640639
8 20 0.740503
9 20 0.896179
10 20 1.01127
11 20 1.13161
12 20 1.00393
13 20 0.870161
14 20 0.736287
15 20 0.674852
16 20 0.666547
17 20 0.539605
18 20 0.456893
19 20 0.345238
20 20 0.287581

