0 0 0.722841
1 0 0.773074
2 0 0.93267
3 0 1.00263
4 0 0.918284
5 0 0.804312
6 0 0.731483
7 0 0.662838
8 0 0.515791
9 0 0.46348
10 0 0.432821
11 0 0.46837
12 0 0.476628
13 0 0.580784
14 0 0.702497
15 0 0.732568
16 0 0.783636
17 0 0.686089
18 0 0.586509
19 0 0.569967
20 0 0.560853

0 1 0.766739
1 1 0.818361
2 1 0.920266
3 1 1.08694
4 1 0.959949
5 1 0.84315
6 1 0.767517
7 1 0.709786
8 1 0.583729
9 1 0.521992
10 1 0.504949
11 1 0.527356
12 1 0.561272
13 1 0.622308
14 1 0.686135
15 1 0.589961
16 1 0.606931
17 1 0.602992
18 1 0.668179
19 1 0.668404
20 1 0.570089

0 2 0.842222
1 2 0.897878
2 2 1.16747
3 2 1.21889
4 2 1.05366
5 2 0.904372
6 2 0.82929
7 2 0.729543
8 2 0.613915
9 2 0.57199
10 2 0.52337
11 2 0.503254
12 2 0.60394
13 2 0.639504
14 2 0.643729
15 2 0.590277
16 2 0.583331
17 2 0.576511
18 2 0.669825
19 2 0.573124
20 2 0.576287

0 3 0.96288
1 3 1.02229
2 3 1.37101
3 3 1.47255
4 3 0
5 3 0
6 3 0
7 3 0
8 3 0
9 3 0
10 3 0
11 3 0
12 3 0
13 3 0
14 3 0
15 3 0
16 3 0
17 3 0
18 3 0.81856
19 3 0.675601
20 3 0.598754

0 4 1.15786
1 4 1.26736
2 4 1.54979
3 4 1.69543
4 4 1.64904
5 4 0
6 4 0
7 4 0
8 4 0
9 4 0
10 4 0
11 4 0
12 4 0
13 4 0
14 4 0
15 4 0
16 4 0
17 4 0
18 4 0.886916
19 4 0.912311
20 4 0.767569

0 5 1.40912
1 5 1.67739
2 5 1.87464
3 5 1.94279
4 5 1.98792
5 5 1.71738
6 5 0
7 5 0
8 5 0
9 5 0
10 5 0
11 5 0
12 5 0
13 5 0
14 5 0
15 5 0
16 5 0
17 5 0
18 5 0.92555
19 5 0.902058
20 5 1.07652

0 6 1.36745
1 6 1.75003
2 6 2.09375
3 6 2.24686
4 6 2.34903
5 6 2.31939
6 6 2.78167
7 6 0
8 6 0
9 6 0
10 6 0
11 6 0
12 6 0
13 6 0
14 6 0
15 6 0
16 6 0
17 6 0
18 6 0.980503
19 6 0.986211
20 6 0.947721

0 7 1.7202
1 7 2.1858
2 7 2.3606
3 7 2.53859
4 7 2.84858
5 7 2.96984
6 7 3.32919
7 7 2.96256
8 7 0
9 7 0
10 7 0
11 7 0
12 7 0
13 7 0
14 7 0
15 7 0
16 7 0
17 7 0
18 7 0.911846
19 7 0.829636
20 7 0.721457

0 8 2.09962
1 8 2.68565
2 8 2.70619
3 8 2.9627
4 8 3.17563
5 8 3.41691
6 8 3.88535
7 8 3.60839
8 8 3.69521
9 8 0
10 8 0
11 8 0
12 8 0
13 8 0
14 8 0
15 8 0
16 8 0
17 8 0
18 8 0.925204
19 8 0.851186
20 8 0.699283

0 9 2.60646
1 9 2.76962
2 9 2.94566
3 9 3.32923
4 9 3.76294
5 9 4.1691
6 9 4.43006
7 9 4.60204
8 9 4.67092
9 9 4.08159
10 9 0
11 9 0
12 9 0
13 9 0
14 9 0
15 9 0
16 9 0
17 9 0
18 9 0.866448
19 9 0.670236
20 9 0.607811

0 10 2.36929
1 10 2.8862
2 10 3.34348
3 10 3.79421
4 10 4.01061
5 10 4.32706
6 10 4.79754
7 10 4.84905
8 10 5.18614
9 10 4.43559
10 10 3.91933
11 10 0
12 10 0
13 10 0
14 10 0
15 10 0
16 10 0
17 10 0
18 10 0.698114
19 10 0.775707
20 10 0.602562

0 11 2.45971
1 11 3.03324
2 11 3.57659
3 11 4.23414
4 11 4.67902
5 11 4.96148
6 11 5.32246
7 11 5.1982
8 11 5.15131
9 11 5.0475
10 11 4.4245
11 11 3.79438
12 11 0
13 11 0
14 11 0
15 11 0
16 11 0
17 11 0
18 11 0.638778
19 11 0.677715
20 11 0.625579

0 12 2.57773
1 12 2.93317
2 12 3.8583
3 12 4.11873
4 12 4.59968
5 12 5.43018
6 12 5.40051
7 12 5.40078
8 12 5.23476
9 12 5.24134
10 12 4.7751
11 12 4.25339
12 12 3.72316
13 12 0
14 12 0
15 12 0
16 12 0
17 12 0
18 12 0.809624
19 12 0.959496
20 12 0.78629

0 13 2.31203
1 13 3.25306
2 13 3.47267
3 13 4.4731
4 13 5.0482
5 13 5.63863
6 13 5.89983
7 13 5.48613
8 13 5.36086
9 13 5.39629
10 13 4.79935
11 13 4.28818
12 13 3.92548
13 13 3.08226
14 13 0
15 13 0
16 13 0
17 13 0
18 13 0.828935
19 13 0.970753
20 13 1.10951

0 14 2.50153
1 14 3.17994
2 14 3.71603
3 14 4.55504
4 14 4.6193
5 14 5.02756
6 14 5.53552
7 14 5.42039
8 14 5.22775
9 14 5.21482
10 14 5.29478
11 14 4.58259
12 14 3.83333
13 14 3.36037
14 14 2.95246
15 14 0
16 14 0
17 14 0
18 14 0.899238
19 14 0.936021
20 14 1.14891

0 15 2.29172
1 15 2.66401
2 15 3.35759
3 15 3.84074
4 15 4.38966
5 15 5.00418
6 15 5.20847
7 15 5.12871
8 15 5.0693
9 15 4.80797
10 15 4.5414
11 15 3.93107
12 15 3.73204
13 15 3.2735
14 15 2.87891
15 15 2.46392
16 15 0
17 15 0
18 15 1.01292
19 15 0.881171
20 15 1.02226

0 16 2.15565
1 16 2.4265
2 16 2.70677
3 16 3.34122
4 16 3.79755
5 16 3.98825
6 16 4.61074
7 16 4.85205
8 16 5.02786
9 16 4.75726
10 16 3.99079
11 16 3.6286
12 16 3.02137
13 16 2.68542
14 16 2.47259
15 16 2.07817
16 16 1.7118
17 16 0
18 16 1.04191
19 16 0.961923
20 16 0.919424

0 17 1.80567
1 17 1.88138
2 17 2.30226
3 17 2.90864
4 17 3.17469
5 17 3.69319
6 17 4.07369
7 17 4.43439
8 17 4.47684
9 17 4.05268
10 17 3.75963
11 17 3.18099
12 17 2.98757
13 17 2.38661
14 17 2.1575
15 17 1.92258
16 17 1.58275
17 17 1.38422
18 17 1.10276
19 17 1.02754
20 17 0.95265

0 18 1.54743
1 18 1.77163
2 18 1.94132
3 18 2.55774
4 18 2.87518
5 18 3.44076
6 18 3.61456
7 18 3.91028
8 18 3.74945
9 18 3.60312
10 18 3.32274
11 18 2.78313
12 18 2.44757
13 18 2.27201
14 18 1.94359
15 18 1.63635
16 18 1.51938
17 18 1.37402
18 18 1.03329
19 18 0.929134
20 18 0.946323

0 19 1.41026
1 19 1.58836
2 19 1.69321
3 19 2.13055
4 19 2.58169
5 19 2.80047
6 19 2.76109
7 19 2.98754
8 19 3.17902
9 19 3.03797
10 19 2.83551
11 19 2.56271
12 19 2.24199
13 19 2.07842
14 19 1.76447
15 19 1.53778
16 19 1.38581
17 19 1.10306
18 19 0.974963
19 19 0.875607
20 19 0.927868

0 20 1.41754
1 20 1.65949
2 20 1.75585
3 20 1.8601
4 20 2.05015
5 20 2.11117
6 20 2.24275
7 20 2.44246
8 20 2.81519
9 20 2.53138
10 20 2.34175
11 20 2.09172
12 20 1.93101
13 20 1.6846
14 20 1.67728
15 20 1.47689
16 20 1.20294
17 20 0.994298
18 20 0.873096
19 20 0.788595
20 20 0.730747

