0 0 0.051319
1 0 0.0606277
2 0 0.0850272
3 0 0.128556
4 0 0.222484
5 0 0.110808
6 0 0.120395
7 0 0.151816
8 0 0.183072
9 0 0.19208
10 0 0.191061
11 0 0.191901
12 0 0.178991
13 0 0.169181
14 0 0.143981
15 0 0.13022
16 0 0.119516
17 0 0.0979221
18 0 0.0726766
19 0 0.0607852
20 0 0.054689

0 1 0.0640902
1 1 0.326379
2 1 0.0904186
3 1 0.110143
4 1 0.125421
5 1 0.142144
6 1 0.206724
7 1 0.176029
8 1 0.210108
9 1 0.220572
10 1 0.221148
11 1 0.23079
12 1 0.212888
13 1 0.186085
14 1 0.165447
15 1 0.152478
16 1 0.116276
17 1 0.100116
18 1 0.0820839
19 1 0.0670369
20 1 0.0646476

0 2 0.0750902
1 2 0.0871413
2 2 0.0972013
3 2 0.114852
4 2 0.143104
5 2 0.154741
6 2 0.175803
7 2 0.206255
8 2 0.269047
9 2 0.275582
10 2 0.276335
11 2 0.281971
12 2 0.247157
13 2 0.229419
14 2 0.181612
15 2 0.185404
16 2 0.149745
17 2 0.123298
18 2 0.109503
19 2 0.102775
20 2 0.0794208

0 3 0.0841936
1 3 0.101586
2 3 0.118344
3 3 0.132132
4 3 0.157017
5 3 0.170169
6 3 0.210089
7 3 0.240708
8 3 0.329143
9 3 0.319509
10 3 0.344489
11 3 0.337992
12 3 0.2946
13 3 0.285076
14 3 0.234028
15 3 0.20385
16 3 0.170982
17 3 0.237698
18 3 0.140367
19 3 0.124934
20 3 0.105108

0 4 0.103122
1 4 0.119095
2 4 0.133585
3 4 0.157441
4 4 0.184242
5 4 0.208675
6 4 0.249995
7 4 0.285907
8 4 0.352388
9 4 0.355374
10 4 0.423667
11 4 0.430281
12 4 0.341864
13 4 0.32577
14 4 0.284118
15 4 0.226886
16 4 0.201675
17 4 0.171897
18 4 0.154027
19 4 0.133518
20 4 0.103809

0 5 0.108748
1 5 0.127355
2 5 0.139744
3 5 0.164424
4 5 0.186798
5 5 0.243006
6 5 0.308048
7 5 0.353053
8 5 0.409937
9 5 0.445253
10 5 0.528658
11 5 0.49974
12 5 0.456495
13 5 0.373344
14 5 0.313095
15 5 0.252858
16 5 0.223085
17 5 0.199255
18 5 0.172145
19 5 0.145712
20 5 0.125161

0 6 0.125538
1 6 0.145507
2 6 0.176402
3 6 0.205784
4 6 0.252178
5 6 0.312256
6 6 0.366558
7 6 0.437149
8 6 0.48121
9 6 0.506927
10 6 0.588125
11 6 0.601672
12 6 0.516415
13 6 0.452774
14 6 0.389547
15 6 0.330296
16 6 0.270677
17 6 0.233663
18 6 0.207005
19 6 0.170131
20 6 0.146802

0 7 0.160071
1 7 0.183438
2 7 0.206553
3 7 0.24668
4 7 0.294765
5 7 0.371263
6 7 0.428398
7 7 0.512908
8 7 0.572253
9 7 0.640594
10 7 0.753883
11 7 0.686133
12 7 0.63157
13 7 0.554398
14 7 0.495437
15 7 0.389051
16 7 0.304428
17 7 0.273153
18 7 0.235943
19 7 0.195355
20 7 0.170562

0 8 0.186637
1 8 0.226827
2 8 0.244047
3 8 0.282435
4 8 0.314486
5 8 0.406757
6 8 0.502152
7 8 0.614261
8 8 0.717979
9 8 0.826956
10 8 0.935297
11 8 0.908715
12 8 0.764079
13 8 0.657781
14 8 0.597534
15 8 0.503465
16 8 0.398773
17 8 0.403935
18 8 0.280663
19 8 0.23218
20 8 0.199036

0 9 0.189695
1 9 0.231879
2 9 0.262441
3 9 0.309466
4 9 0.375055
5 9 0.454875
6 9 0.573889
7 9 0.73318
8 9 0.874847
9 9 0.991056
10 9 1.16566
11 9 1.34385
12 9 0.979178
13 9 0.847415
14 9 0.735482
15 9 0.601032
16 9 0.492469
17 9 0.384259
18 9 0.28125
19 9 0.264981
20 9 0.219127

0 10 0.21463
1 10 0.248374
2 10 0.301669
3 10 0.336065
4 10 0.43718
5 10 0.533316
6 10 0.708365
7 10 0.828689
8 10 1.00037
9 10 1.17421
10 10 1.44752
11 10 1.66991
12 10 1.29757
13 10 0.934036
14 10 0.808913
15 10 0.683352
16 10 0.587149
17 10 0.429621
18 10 0.355351
19 10 0.303984
20 10 0.252841

0 11 0.266196
1 11 0.307393
2 11 0.338713
3 11 0.408723
4 11 0.49769
5 11 0.629775
6 11 0.802798
7 11 0.994675
8 11 1.098
9 11 1.4075
10 11 1.63392
11 11 2.4561
12 11 1.61078
13 11 1.29518
14 11 0.985726
15 11 0.840185
16 11 0.657558
17 11 0.533108
18 11 0.453708
19 11 0.362834
20 11 0.309528

0 12 0.284074
1 12 0.340641
2 12 0.399066
3 12 0.499713
4 12 0.650954
5 12 0.853706
6 12 0.994705
7 12 1.0855
8 12 1.29687
9 12 1.62291
10 12 1.68189
11 12 1.84774
12 12 1.58845
13 12 1.26433
14 12 1.14612
15 12 0.937692
16 12 0.793413
17 12 0.643467
18 12 0.531124
19 12 0.436406
20 12 0.36276

0 13 0.321149
1 13 0.365627
2 13 0.407569
3 13 0.512673
4 13 0.685574
5 13 0.822516
6 13 1.00978
7 13 1.21132
8 13 1.40282
9 13 1.72997
10 13 1.93896
11 13 2.4315
12 13 1.9383
13 13 1.54361
14 13 1.13195
15 13 0.942808
16 13 0.790236
17 13 0.682416
18 13 0.599857
19 13 0.467393
20 13 0.398707

0 14 0.296722
1 14 0.352808
2 14 0.403156
3 14 0.489288
4 14 0.607246
5 14 0.711509
6 14 0.840927
7 14 0.985387
8 14 1.22548
9 14 1.51485
10 14 2.07596
11 14 2.65976
12 14 1.80627
13 14 1.48815
14 14 1.16692
15 14 1.01823
16 14 0.836542
17 14 0.629069
18 14 0.538741
19 14 0.446335
20 14 0.378148

0 15 0.270908
1 15 0.309348
2 15 0.372993
3 15 0.45247
4 15 0.551343
5 15 0.619152
6 15 0.750912
7 15 0.914639
8 15 1.1247
9 15 1.29023
10 15 1.55746
11 15 1.80118
12 15 1.51846
13 15 1.26878
14 15 0.946762
15 15 0.800845
16 15 0.703451
17 15 0.584571
18 15 0.474678
19 15 0.398098
20 15 0.405697

0 16 0.227937
1 16 0.257313
2 16 0.314936
3 16 0.442183
4 16 0.452527
5 16 0.509531
6 16 0.648851
7 16 0.758036
8 16 0.911196
9 16 1.10849
10 16 1.35831
11 16 1.42289
12 16 1.23709
13 16 0.958961
14 16 0.821729
15 16 0.672566
16 16 0.559428
17 16 0.482558
18 16 0.420499
19 16 0.401578
20 16 0.310963

0 17 0.207848
1 17 0.232754
2 17 0.265324
3 17 0.329132
4 17 0.388354
5 17 0.467068
6 17 0.548462
7 17 0.632378
8 17 0.715114
9 17 0.915591
10 17 1.02334
11 17 1.10152
12 17 0.956117
13 17 0.819166
14 17 0.662367
15 17 0.573002
16 17 0.458164
17 17 0.417199
18 17 0.364252
19 17 0.303126
20 17 0.260737

0 18 0.172837
1 18 0.202606
2 18 0.246506
3 18 0.294781
4 18 0.368922
5 18 0.411577
6 18 0.466758
7 18 0.537297
8 18 0.618456
9 18 0.681516
10 18 0.725332
11 18 0.791879
12 18 0.827179
13 18 0.672499
14 18 0.554571
15 18 0.465251
16 18 0.399977
17 18 0.347577
18 18 0.30257
19 18 0.269383
20 18 0.233221

0 19 0.156926
1 19 0.175687
2 19 0.205644
3 19 0.243371
4 19 0.302223
5 19 0.365869
6 19 0.419196
7 19 0.47068
8 19 0.527178
9 19 0.615777
10 19 0.640103
11 19 0.637878
12 19 0.651618
13 19 0.575123
14 19 0.485206
15 19 0.41773
16 19 0.361657
17 19 0.301461
18 19 0.261258
19 19 0.226815
20 19 0.201985

0 20 0.140156
1 20 0.15659
2 20 0.177906
3 20 0.208187
4 20 0.285465
5 20 0.326296
6 20 0.364546
7 20 0.42347
8 20 0.514584
9 20 0.562973
10 20 0.579732
11 20 0.582103
12 20 0.542284
13 20 0.512403
14 20 0.44587
15 20 0.388648
16 20 0.331246
17 20 0.288578
18 20 0.238106
19 20 0.202249
20 20 0.170255

