0 0 0
1 0 0
2 0 0
3 0 0
4 0 0
5 0 0
6 0 2.47451
7 0 1.19575
8 0 0.81034
9 0 0.756525
10 0 0.561501
11 0 0.555509
12 0 0.619904
13 0 0.761437
14 0 0.777579
15 0 0
16 0 0
17 0 0
18 0 0
19 0 0
20 0 0

0 1 0
1 1 0
2 1 0
3 1 0
4 1 0
5 1 0
6 1 1.25434
7 1 1.12724
8 1 0.837744
9 1 0.707004
10 1 0.541103
11 1 0.612666
12 1 0.632357
13 1 0.718553
14 1 0.776917
15 1 0
16 1 0
17 1 0
18 1 0
19 1 0
20 1 0

0 2 0
1 2 0
2 2 0
3 2 0
4 2 0
5 2 0
6 2 0.970657
7 2 0.757235
8 2 0.782314
9 2 0.69058
10 2 0.624014
11 2 0.637772
12 2 0.674379
13 2 0.829842
14 2 0.757417
15 2 0
16 2 0
17 2 0
18 2 0
19 2 0
20 2 0

0 3 0
1 3 0
2 3 0
3 3 0
4 3 0
5 3 0
6 3 0.81284
7 3 0.81291
8 3 0.827961
9 3 0.583072
10 3 0.630615
11 3 0.671466
12 3 0.784315
13 3 0.790401
14 3 0.885863
15 3 0
16 3 0
17 3 0
18 3 0
19 3 0
20 3 0

0 4 0
1 4 0
2 4 0
3 4 0
4 4 0
5 4 0
6 4 0.785617
7 4 0.612414
8 4 0.600869
9 4 0.495217
10 4 0.61494
11 4 0.661334
12 4 0.694588
13 4 0.690375
14 4 0.774804
15 4 0
16 4 0
17 4 0
18 4 0
19 4 0
20 4 0

0 5 0
1 5 0
2 5 0
3 5 0
4 5 0
5 5 0
6 5 0.612541
7 5 0.815825
8 5 0.527453
9 5 0.484411
10 5 0.538378
11 5 0.694522
12 5 0.64939
13 5 0.681778
14 5 0.746928
15 5 0
16 5 0
17 5 0
18 5 0
19 5 0
20 5 0

0 6 0
1 6 0
2 6 0
3 6 0
4 6 0
5 6 0
6 6 0
7 6 0
8 6 0.584597
9 6 0.514741
10 6 0.472965
11 6 0.609536
12 6 0.691281
13 6 0
14 6 0
15 6 0
16 6 0
17 6 0
18 6 0
19 6 0
20 6 0

0 7 0.627568
1 7 0.669465
2 7 0.635101
3 7 0.659175
4 7 0.590028
5 7 0.541659
6 7 0.554735
7 7 0.73123
8 7 0.563656
9 7 0.502052
10 7 0.467961
11 7 0.509657
12 7 0.539718
13 7 0.516715
14 7 0.686666
15 7 0.686955
16 7 0.565048
17 7 0.60305
18 7 0.598174
19 7 0.832965
20 7 0.650927

0 8 0.69872
1 8 0.649966
2 8 0.62004
3 8 0.514217
4 8 0.498701
5 8 0.481858
6 8 0.571519
7 8 0.568553
8 8 0.503858
9 8 0.495541
10 8 0.511538
11 8 0.557844
12 8 0.565637
13 8 0.526228
14 8 0.539933
15 8 0.57301
16 8 0.531417
17 8 0.555585
18 8 0.569547
19 8 0.648215
20 8 0.511521

0 9 0.561932
1 9 0.608239
2 9 0.558029
3 9 0.473175
4 9 0.44323
5 9 0.519021
6 9 0.496317
7 9 0.505914
8 9 0.48691
9 9 0.525644
10 9 0.581809
11 9 0.641606
12 9 0.647193
13 9 0.562942
14 9 0.531054
15 9 0.51469
16 9 0.53986
17 9 0.491958
18 9 0.51563
19 9 0.573776
20 9 0.497441

0 10 0.543745
1 10 0.523849
2 10 0.475379
3 10 0.41922
4 10 0.408476
5 10 0.430498
6 10 0.460934
7 10 0.499806
8 10 0.528833
9 10 0.601259
10 10 0.692685
11 10 0.760364
12 10 0.775181
13 10 0.656482
14 10 0.631282
15 10 0.560559
16 10 0.521811
17 10 0.447609
18 10 0.455721
19 10 0.510697
20 10 0.539183

0 11 0.464503
1 11 0.452681
2 11 0.435137
3 11 0.387264
4 11 0.393692
5 11 0.442745
6 11 0.488009
7 11 0.564798
8 11 0.613116
9 11 0.760551
10 11 0.841012
11 11 0.886475
12 11 0.920902
13 11 0.826245
14 11 0.884687
15 11 0.685058
16 11 0.529198
17 11 0.462874
18 11 0.44385
19 11 0.471873
20 11 0.466444

0 12 0.387723
1 12 0.397122
2 12 0.368617
3 12 0.369479
4 12 0.40865
5 12 0.480679
6 12 0.587698
7 12 0.670155
8 12 0.727505
9 12 0.869121
10 12 1.01293
11 12 1.05063
12 12 1.15614
13 12 1.06281
14 12 0.939992
15 12 0.861024
16 12 0.74285
17 12 0.561035
18 12 0.441661
19 12 0.385742
20 12 0.494124

0 13 0.320147
1 13 0.338616
2 13 0.342476
3 13 0.381996
4 13 0.440168
5 13 0.642827
6 13 0.683478
7 13 0.745219
8 13 0.840336
9 13 0.988686
10 13 1.25607
11 13 1.30063
12 13 1.35217
13 13 1.18966
14 13 0.998673
15 13 0.851682
16 13 0.6972
17 13 0.577079
18 13 0.466219
19 13 0.40885
20 13 0.364453

0 14 0.283515
1 14 0.306976
2 14 0.326407
3 14 0.36721
4 14 0.505804
5 14 0.61339
6 14 0.71562
7 14 0.825088
8 14 0.975257
9 14 1.22695
10 14 1.42786
11 14 1.85851
12 14 2.05131
13 14 1.3993
14 14 1.22627
15 14 0.980986
16 14 0.789254
17 14 0.637586
18 14 0.53946
19 14 0.470266
20 14 0.386092

0 15 0.269248
1 15 0.29847
2 15 0.322876
3 15 0.372015
4 15 0.516328
5 15 0.6691
6 15 0.77036
7 15 0.957552
8 15 1.18112
9 15 1.39621
10 15 1.72906
11 15 2.40669
12 15 2.57528
13 15 1.82752
14 15 1.31729
15 15 1.06229
16 15 0.903473
17 15 0.686463
18 15 0.557959
19 15 0.488572
20 15 0.389729

0 16 0.247087
1 16 0.276356
2 16 0.310791
3 16 0.350157
4 16 0.497258
5 16 0.602528
6 16 0.727283
7 16 0.860304
8 16 1.0738
9 16 1.34836
10 16 1.59396
11 16 1.90721
12 16 1.79023
13 16 1.35435
14 16 1.1718
15 16 0.948324
16 16 0.795223
17 16 0.633911
18 16 0.579504
19 16 0.461696
20 16 0.411873

0 17 0.226143
1 17 0.261156
2 17 0.298399
3 17 0.328375
4 17 0.389339
5 17 0.588664
6 17 0.645469
7 17 0.732394
8 17 0.935299
9 17 1.14777
10 17 1.38711
11 17 1.43813
12 17 1.31398
13 17 1.11315
14 17 0.984971
15 17 0.738896
16 17 0.624264
17 17 0.574216
18 17 0.497919
19 17 0.438333
20 17 0.360737

0 18 0.206724
1 18 0.228279
2 18 0.260605
3 18 0.311534
4 18 0.359902
5 18 0.492116
6 18 0.530932
7 18 0.632118
8 18 0.909103
9 18 0.945832
10 18 1.12931
11 18 1.20044
12 18 1.03929
13 18 0.88898
14 18 0.819538
15 18 0.652382
16 18 0.55406
17 18 0.462652
18 18 0.401731
19 18 0.353948
20 18 0.316146

0 19 0.195508
1 19 0.212613
2 19 0.241405
3 19 0.277623
4 19 0.329252
5 19 0.399362
6 19 0.456387
7 19 0.533138
8 19 0.640665
9 19 0.788073
10 19 0.89376
11 19 0.978004
12 19 0.944932
13 19 0.76906
14 19 0.671163
15 19 0.578821
16 19 0.490043
17 19 0.491748
18 19 0.449053
19 19 0.329393
20 19 0.301981

0 20 0.182343
1 20 0.198984
2 20 0.222177
3 20 0.251588
4 20 0.293783
5 20 0.363287
6 20 0.413545
7 20 0.473737
8 20 0.542387
9 20 0.631925
10 20 0.759442
11 20 0.765441
12 20 0.77254
13 20 0.643163
14 20 0.568493
15 20 0.522524
16 20 0.451837
17 20 0.417054
18 20 0.370086
19 20 0.304021
20 20 0.266464

