0 0 0.875393
1 0 0.932581
2 0 1.02933
3 0 1.14058
4 0 1.3258
5 0 1.51654
6 0 1.72478
7 0 1.93213
8 0 2.11812
9 0 2.08112
10 0 2.22192
11 0 2.49215
12 0 2.1641
13 0 1.98988
14 0 1.90697
15 0 1.80083
16 0 1.41244
17 0 1.29308
18 0 1.06923
19 0 0.965485
20 0 0.818405

0 1 0.922042
1 1 0.982142
2 1 1.11358
3 1 1.26548
4 1 1.47277
5 1 1.61425
6 1 1.85521
7 1 2.18413
8 1 2.50287
9 1 2.80127
10 1 2.88442
11 1 2.89331
12 1 2.50477
13 1 2.21399
14 1 2.13441
15 1 2.14103
16 1 1.59522
17 1 1.55969
18 1 1.19696
19 1 1.00906
20 1 0.874432

0 2 1.02835
1 2 1.15485
2 2 1.27054
3 2 1.43581
4 2 1.60955
5 2 1.77998
6 2 2.22627
7 2 2.72799
8 2 3.03664
9 2 3.35128
10 2 3.63574
11 2 3.27532
12 2 2.80291
13 2 2.5192
14 2 2.44862
15 2 2.44996
16 2 2.10963
17 2 1.80785
18 2 1.64917
19 2 1.18253
20 2 0.967975

0 3 1.11197
1 3 1.3241
2 3 1.47762
3 3 1.6204
4 3 1.8441
5 3 2.18826
6 3 2.63759
7 3 3.11515
8 3 3.44063
9 3 3.87563
10 3 3.87934
11 3 3.49475
12 3 3.19324
13 3 2.88464
14 3 2.73855
15 3 2.44302
16 3 2.35186
17 3 1.98043
18 3 1.77024
19 3 1.33785
20 3 1.14524

0 4 1.2384
1 4 1.51877
2 4 1.76758
3 4 1.91798
4 4 2.11176
5 4 2.43315
6 4 2.95799
7 4 3.67523
8 4 3.94877
9 4 4.54143
10 4 4.25663
11 4 4.0393
12 4 3.68225
13 4 3.47755
14 4 3.1755
15 4 2.68009
16 4 2.46097
17 4 2.20207
18 4 1.90232
19 4 1.53186
20 4 1.34438

0 5 1.55798
1 5 1.80456
2 5 2.01544
3 5 2.24042
4 5 2.63963
5 5 3.0007
6 5 3.56894
7 5 4.2246
8 5 4.50879
9 5 5.16936
10 5 5.50676
11 5 4.71024
12 5 4.32993
13 5 3.94179
14 5 3.63126
15 5 3.23632
16 5 3.06196
17 5 2.54894
18 5 2.15475
19 5 1.83364
20 5 1.67671

0 6 1.69288
1 6 1.93031
2 6 2.3547
3 6 2.70454
4 6 2.99002
5 6 3.19254
6 6 4.00397
7 6 4.8453
8 6 5.47199
9 6 5.77815
10 6 6.19544
11 6 5.68516
12 6 4.91885
13 6 4.58925
14 6 4.13253
15 6 3.70355
16 6 3.31374
17 6 2.82229
18 6 2.52547
19 6 2.20983
20 6 1.95009

0 7 1.91804
1 7 2.18497
2 7 2.72066
3 7 3.15368
4 7 3.45484
5 7 4.0809
6 7 5.04196
7 7 5.56481
8 7 6.22706
9 7 6.84566
10 7 6.68408
11 7 6.48401
12 7 5.64154
13 7 5.37736
14 7 4.75527
15 7 4.1764
16 7 3.68473
17 7 3.25099
18 7 2.73487
19 7 2.48194
20 7 2.0911

0 8 2.18397
1 8 2.576
2 8 3.06594
3 8 3.73831
4 8 4.09807
5 8 5.10183
6 8 5.73453
7 8 6.02652
8 8 7.13812
9 8 7.2169
10 8 7.55461
11 8 7.32367
12 8 6.81628
13 8 5.75514
14 8 5.06711
15 8 4.55444
16 8 3.76018
17 8 3.15849
18 8 2.93573
19 8 2.58079
20 8 2.29038

0 9 2.34001
1 9 2.80457
2 9 3.31546
3 9 4.12558
4 9 4.71909
5 9 5.6578
6 9 6.10231
7 9 6.96614
8 9 7.35822
9 9 7.45742
10 9 7.6038
11 9 7.73349
12 9 7.14237
13 9 6.48088
14 9 5.99457
15 9 4.8826
16 9 4.09969
17 9 3.71737
18 9 3.12139
19 9 2.72307
20 9 2.36481

0 10 2.40797
1 10 3.0781
2 10 3.75965
3 10 4.09317
4 10 4.4492
5 10 5.73068
6 10 6.74185
7 10 7.26709
8 10 7.56977
9 10 8.01102
10 10 8.04247
11 10 7.86209
12 10 7.64287
13 10 7.0406
14 10 6.38375
15 10 5.35658
16 10 4.42365
17 10 3.65552
18 10 3.45484
19 10 2.9885
20 10 2.45347

0 11 2.18303
1 11 2.6204
2 11 3.10506
3 11 3.75912
4 11 4.72318
5 11 5.39003
6 11 6.41744
7 11 6.86219
8 11 7.65965
9 11 7.81118
10 11 7.97391
11 11 7.78267
12 11 7.30308
13 11 6.83759
14 11 6.02072
15 11 4.98125
16 11 4.06039
17 11 3.55298
18 11 3.37058
19 11 2.7651
20 11 2.35482

0 12 2.11258
1 12 2.29593
2 12 2.6828
3 12 3.22049
4 12 3.9319
5 12 4.70612
6 12 5.37896
7 12 6.0861
8 12 6.95542
9 12 7.73227
10 12 7.71416
11 12 7.24507
12 12 6.67444
13 12 5.89045
14 12 5.12194
15 12 4.5549
16 12 3.65508
17 12 3.09831
18 12 2.78199
19 12 2.29685
20 12 1.98577

0 13 1.81632
1 13 2.19829
2 13 2.53346
3 13 2.74431
4 13 3.43037
5 13 3.80714
6 13 4.82032
7 13 5.39973
8 13 6.21753
9 13 6.84356
10 13 7.16194
11 13 6.74291
12 13 6.14787
13 13 5.17745
14 13 4.71995
15 13 4.00331
16 13 3.1267
17 13 2.69012
18 13 2.37487
19 13 1.96177
20 13 1.79285

0 14 1.54225
1 14 1.83794
2 14 2.14019
3 14 2.28392
4 14 2.69981
5 14 3.10094
6 14 3.93432
7 14 4.66644
8 14 5.48359
9 14 6.13434
10 14 6.43597
11 14 6.2628
12 14 5.4497
13 14 4.51115
14 14 3.92224
15 14 3.57086
16 14 2.97179
17 14 2.47192
18 14 2.16521
19 14 1.81708
20 14 1.58921

0 15 1.31565
1 15 1.54225
2 15 1.81324
3 15 1.98679
4 15 2.44395
5 15 2.76518
6 15 3.47536
7 15 4.056
8 15 4.70541
9 15 5.28269
10 15 5.72515
11 15 5.29015
12 15 4.60856
13 15 3.94904
14 15 3.66429
15 15 2.88258
16 15 2.43474
17 15 2.21726
18 15 1.87218
19 15 1.51551
20 15 1.29679

0 16 1.18089
1 16 1.33765
2 16 1.47228
3 16 1.67618
4 16 2.02474
5 16 2.39639
6 16 2.80463
7 16 3.56806
8 16 3.79975
9 16 4.35946
10 16 4.9542
11 16 4.29566
12 16 3.80499
13 16 3.21581
14 16 2.77887
15 16 2.51092
16 16 2.17372
17 16 1.83502
18 16 1.5062
19 16 1.31094
20 16 1.20467

0 17 1.03216
1 17 1.1827
2 17 1.38844
3 17 1.66343
4 17 1.89145
5 17 2.15792
6 17 2.45429
7 17 2.93422
8 17 2.7917
9 17 3.43471
10 17 4.11611
11 17 3.619
12 17 3.3669
13 17 2.93474
14 17 2.41566
15 17 2.04639
16 17 1.9069
17 17 1.64086
18 17 1.30761
19 17 1.14872
20 17 1.10905

0 18 0.951946
1 18 1.09435
2 18 1.20363
3 18 1.41088
4 18 1.67761
5 18 1.87923
6 18 2.10871
7 18 2.60035
8 18 2.49448
9 18 2.90936
10 18 3.22836
11 18 2.80304
12 18 2.74403
13 18 2.6523
14 18 2.02736
15 18 1.7176
16 18 1.47032
17 18 1.37217
18 18 1.17281
19 18 1.04074
20 18 1.00129

0 19 0.890037
1 19 0.928278
2 19 1.06099
3 19 1.24561
4 19 1.3855
5 19 1.55123
6 19 1.90253
7 19 2.15202
8 19 2.14977
9 19 2.37322
10 19 2.75424
11 19 2.47307
12 19 2.31263
13 19 2.22977
14 19 1.85989
15 19 1.48971
16 19 1.38332
17 19 1.24474
18 19 1.07705
19 19 0.990389
20 19 0.875951

0 20 0.837887
1 20 0.870987
2 20 0.946007
3 20 1.11655
4 20 1.34539
5 20 1.40084
6 20 1.66517
7 20 1.83202
8 20 1.9831
9 20 2.08422
10 20 2.13677
11 20 2.16714
12 20 1.93788
13 20 1.84203
14 20 1.50269
15 20 1.36976
16 20 1.24258
17 20 1.11848
18 20 0.986551
19 20 0.935724
20 20 0.859023

