0 0 -0.66736
1 0 -0.688693
2 0 -0.425638
3 0 -0.37369
4 0 -0.288773
5 0 -0.276282
6 0 -0.234621
7 0 -0.162984
8 0 -0.161096
9 0 -0.181675
10 0 -0.301778
11 0 -0.38322
12 0 -0.448311
13 0 -0.464897
14 0 -0.4948
15 0 -0.566117
16 0 -0.557208
17 0 -0.540783
18 0 -0.323767
19 0 -0.28306
20 0 -0.287218

0 1 -0.837148
1 1 -0.826385
2 1 -0.511247
3 1 -0.534959
4 1 -0.355937
5 1 -0.45644
6 1 -0.24741
7 1 -0.181458
8 1 -0.20748
9 1 -0.28918
10 1 -0.308467
11 1 -0.393912
12 1 -0.514752
13 1 -0.480501
14 1 -0.481699
15 1 -0.557085
16 1 -0.654206
17 1 -0.621987
18 1 -0.435911
19 1 -0.415131
20 1 -0.498505

0 2 -1.05301
1 2 -0.950914
2 2 -0.967271
3 2 -0.949254
4 2 -0.477394
5 2 -0.541977
6 2 -0.379625
7 2 -0.304986
8 2 -0.315945
9 2 -0.342427
10 2 -0.37608
11 2 -0.416288
12 2 -0.523889
13 2 -0.44014
14 2 -0.579719
15 2 -0.696908
16 2 -0.900942
17 2 -0.691997
18 2 -0.574717
19 2 -0.463174
20 2 -0.500683

0 3 -0.951248
1 3 -0.909315
2 3 -0.984773
3 3 -0.874912
4 3 -0.773762
5 3 -0.669164
6 3 -0.629673
7 3 -0.567239
8 3 -0.415893
9 3 -0.415961
10 3 -0.522472
11 3 -0.421981
12 3 -0.376303
13 3 -0.401136
14 3 -0.525579
15 3 -0.708938
16 3 -0.990459
17 3 -0.751399
18 3 -0.672001
19 3 -0.578182
20 3 -0.587564

0 4 -1.04899
1 4 -0.945822
2 4 -0.928164
3 4 -0.927373
4 4 -1.05852
5 4 -0.895708
6 4 -0.785395
7 4 -0.677372
8 4 -0.553309
9 4 -0.542574
10 4 -0.605982
11 4 -0.492902
12 4 -0.442063
13 4 -0.448507
14 4 -0.492002
15 4 -0.721246
16 4 -0.822312
17 4 -0.851468
18 4 -0.849129
19 4 -0.716227
20 4 -0.59746

0 5 -1.2606
1 5 -1.02495
2 5 -1.01478
3 5 -0.951292
4 5 -1.07601
5 5 -0.826847
6 5 -0.788674
7 5 -0.727645
8 5 -0.615868
9 5 -0.606876
10 5 -0.761571
11 5 -0.753862
12 5 -0.581526
13 5 -0.576452
14 5 -0.582456
15 5 -0.716719
16 5 -0.927518
17 5 -0.903418
18 5 -0.730855
19 5 -0.707799
20 5 -0.78438

0 6 -1.03483
1 6 -1.00425
2 6 -1.10852
3 6 -0.992144
4 6 -0.978639
5 6 -0.956709
6 6 -0.800932
7 6 -0.751499
8 6 -0.690967
9 6 -0.682518
10 6 -0.735317
11 6 -0.759148
12 6 -0.684699
13 6 -0.845406
14 6 -0.849251
15 6 -0.811285
16 6 -0.914234
17 6 -0.927714
18 6 -0.79324
19 6 -0.666482
20 6 -0.66342

0 7 -0.856773
1 7 -1.22431
2 7 -1.21318
3 7 -1.03981
4 7 -1.03617
5 7 -0.926111
6 7 -0.796933
7 7 -0.782478
8 7 -0.880812
9 7 -0.980091
10 7 -0.768336
11 7 -0.722914
12 7 -0.765048
13 7 -0.859599
14 7 -1.0189
15 7 -0.89541
16 7 -0.865236
17 7 -0.894071
18 7 -0.814167
19 7 -0.627832
20 7 -0.611326

0 8 -0.945803
1 8 -1.10577
2 8 -0.998938
3 8 -0.947042
4 8 -0.937722
5 8 -0.881369
6 8 -0.848168
7 8 -0.954903
8 8 -1.0034
9 8 -1.10438
10 8 -0.830936
11 8 -0.780958
12 8 -0.792007
13 8 -0.792604
14 8 -0.725344
15 8 -0.735437
16 8 -0.767929
17 8 -0.801245
18 8 -0.862579
19 8 -0.736807
20 8 -0.835527

0 9 -0.830319
1 9 -1.036
2 9 -1.16286
3 9 -1.07663
4 9 -0.946945
5 9 -0.865724
6 9 -0.834054
7 9 -0.810696
8 9 -1.02941
9 9 -1.02732
10 9 -0.990414
11 9 -0.889395
12 9 -0.767045
13 9 -0.715055
14 9 -0.727746
15 9 -0.769092
16 9 -0.743041
17 9 -0.70724
18 9 -0.727674
19 9 -0.829254
20 9 -0.818557

0 10 -0.64072
1 10 -0.966828
2 10 -1.19709
3 10 -1.0622
4 10 -0.747024
5 10 -0.668184
6 10 -0.711973
7 10 -0.864022
8 10 -0.915044
9 10 -1.00838
10 10 -0.904686
11 10 -0.849042
12 10 -0.817371
13 10 -0.666062
14 10 -0.576024
15 10 -0.669156
16 10 -0.75924
17 10 -0.677548
18 10 -0.759248
19 10 -0.833746
20 10 -0.708733

0 11 -0.705198
1 11 -0.952513
2 11 -1.04794
3 11 -0.729745
4 11 -0.748013
5 11 -0.652848
6 11 -0.826933
7 11 -0.892126
8 11 -1.04128
9 11 -0.993405
10 11 -1.05402
11 11 -1.00068
12 11 -0.743795
13 11 -0.629057
14 11 -0.586656
15 11 -0.55068
16 11 -0.518889
17 11 -0.553733
18 11 -0.541528
19 11 -0.690363
20 11 -0.648022

0 12 -0.810288
1 12 -0.885535
2 12 -0.859039
3 12 -0.816937
4 12 -0.800839
5 12 -0.701765
6 12 -0.836519
7 12 -0.906014
8 12 -1.00924
9 12 -1.08267
10 12 -0.869599
11 12 -0.711246
12 12 -0.768021
13 12 -0.82279
14 12 -0.823347
15 12 -0.624943
16 12 -0.696861
17 12 -0.541561
18 12 -0.490705
19 12 -0.555431
20 12 -0.535735

0 13 -0.67908
1 13 -0.748924
2 13 -0.829117
3 13 -0.881265
4 13 -0.753627
5 13 -0.682098
6 13 -0.897345
7 13 -0.918451
8 13 -0.837755
9 13 -0.863378
10 13 -0.812499
11 13 -0.797677
12 13 -0.824348
13 13 -0.980619
14 13 -0.755299
15 13 -0.668121
16 13 -0.784723
17 13 -0.579638
18 13 -0.390525
19 13 -0.334621
20 13 -0.307824

0 14 -0.494147
1 14 -0.494394
2 14 -0.737355
3 14 -0.659899
4 14 -0.631367
5 14 -0.746595
6 14 -0.966878
7 14 -1.11097
8 14 -0.825252
9 14 -0.868756
10 14 -1.03795
11 14 -0.856005
12 14 -0.870234
13 14 -1.01235
14 14 -0.942793
15 14 -0.821365
16 14 -0.686055
17 14 -0.537215
18 14 -0.455156
19 14 -0.358032
20 14 -0.258911

0 15 -0.473028
1 15 -0.383179
2 15 -0.425177
3 15 -0.488799
4 15 -0.606946
5 15 -0.676844
6 15 -0.881445
7 15 -0.742393
8 15 -0.723844
9 15 -0.789978
10 15 -1.0505
11 15 -0.999181
12 15 -1.15983
13 15 -1.27613
14 15 -1.06901
15 15 -0.946185
16 15 -0.807398
17 15 -0.626428
18 15 -0.513873
19 15 -0.354716
20 15 -0.285647

0 16 -0.42096
1 16 -0.337522
2 16 -0.348128
3 16 -0.565032
4 16 -0.621222
5 16 -0.768447
6 16 -0.978423
7 16 -0.979208
8 16 -1.03312
9 16 -1.05786
10 16 -1.05464
11 16 -1.12807
12 16 -1.17377
13 16 -0.983099
14 16 -0.991571
15 16 -0.957061
16 16 -0.944564
17 16 -0.653437
18 16 -0.571686
19 16 -0.358312
20 16 -0.302622

0 17 -0.418319
1 17 -0.342138
2 17 -0.347726
3 17 -0.524472
4 17 -0.589225
5 17 -0.722244
6 17 -0.916031
7 17 -1.01304
8 17 -1.10188
9 17 -1.25495
10 17 -1.14192
11 17 -1.02838
12 17 -1.18279
13 17 -0.956445
14 17 -0.905917
15 17 -0.941721
16 17 -0.896164
17 17 -0.55902
18 17 -0.39489
19 17 -0.413189
20 17 -0.428133

0 18 -0.441349
1 18 -0.349619
2 18 -0.356201
3 18 -0.492673
4 18 -0.570824
5 18 -0.972011
6 18 -1.05652
7 18 -0.902493
8 18 -1.02762
9 18 -1.1064
10 18 -1.00345
11 18 -0.853312
12 18 -0.826169
13 18 -0.803645
14 18 -0.820325
15 18 -0.840718
16 18 -0.807902
17 18 -0.575439
18 18 -0.338611
19 18 -0.36831
20 18 -0.301694

0 19 -0.267341
1 19 -0.244937
2 19 -0.39228
3 19 -0.4535
4 19 -0.573988
5 19 -0.952874
6 19 -0.939564
7 19 -0.790391
8 19 -0.684558
9 19 -0.783462
10 19 -0.812186
11 19 -0.811572
12 19 -0.838172
13 19 -0.820093
14 19 -0.972317
15 19 -0.868555
16 19 -0.791534
17 19 -0.379458
18 19 -0.301874
19 19 -0.288357
20 19 -0.306762

0 20 -0.189183
1 20 -0.211421
2 20 -0.249115
3 20 -0.292733
4 20 -0.460193
5 20 -0.746198
6 20 -0.815191
7 20 -0.877764
8 20 -0.723708
9 20 -0.731845
10 20 -0.747391
11 20 -0.795122
12 20 -0.915305
13 20 -0.911368
14 20 -0.957001
15 20 -1.11779
16 20 -0.870535
17 20 -0.344349
18 20 -0.305398
19 20 -0.269102
20 20 -0.287428

