0 0 0.800017
1 0 0.845668
2 0 1.00123
3 0 0.898948
4 0 0.913258
5 0 0.741443
6 0 0.80952
7 0 0.748012
8 0 0.555127
9 0 0.518548
10 0 0.499754
11 0 0.62794
12 0 0.763132
13 0 0.584288
14 0 0.611462
15 0 0.52407
16 0 0.529353
17 0 0.612441
18 0 0.686361
19 0 0.598774
20 0 0.474923

0 1 0.65769
1 1 0.714618
2 1 0.756001
3 1 0.73498
4 1 0.990971
5 1 1.04272
6 1 0.945994
7 1 0.83413
8 1 0.674907
9 1 0.77833
10 1 0.744146
11 1 0.873153
12 1 0.628495
13 1 0.708287
14 1 0.752166
15 1 0.578002
16 1 0.988305
17 1 1.01632
18 1 1.04973
19 1 1.12627
20 1 0.789702

0 2 0.610783
1 2 0.622151
2 2 0.681348
3 2 0.697654
4 2 0.779618
5 2 0.963187
6 2 1.03161
7 2 0.949119
8 2 0.890949
9 2 0.845393
10 2 0.934487
11 2 1.10233
12 2 0.54204
13 2 0.753021
14 2 0.912312
15 2 1.13083
16 2 1.24735
17 2 0.888392
18 2 0.884135
19 2 0.852672
20 2 1.13064

0 3 0.582737
1 3 0.630825
2 3 0.621941
3 3 0.638771
4 3 0.671073
5 3 0.800282
6 3 0.91644
7 3 1.00387
8 3 0.986455
9 3 0.934381
10 3 1.04739
11 3 0.741545
12 3 0.524159
13 3 0.703123
14 3 0.87156
15 3 1.15847
16 3 1.21135
17 3 0.92982
18 3 0.728451
19 3 0.800757
20 3 1.15141

0 4 0.693975
1 4 0.741583
2 4 0.666386
3 4 0.668984
4 4 0.904793
5 4 0.907194
6 4 0.929689
7 4 0.971677
8 4 0.957457
9 4 0.813159
10 4 0.920307
11 4 0.622941
12 4 0.596924
13 4 0.580556
14 4 0.868732
15 4 1.01199
16 4 0.901143
17 4 0.732996
18 4 0.710137
19 4 0.857458
20 4 0.869162

0 5 0.7622
1 5 0.821351
2 5 0.862714
3 5 0.779857
4 5 0.815487
5 5 0.769086
6 5 0.711612
7 5 0.849435
8 5 0.837616
9 5 0.655937
10 5 0.752309
11 5 0.715127
12 5 0.68277
13 5 0.633422
14 5 0.722721
15 5 0.904831
16 5 0.890941
17 5 0.752274
18 5 0.842766
19 5 0.894308
20 5 0.926531

0 6 0.799822
1 6 0.826094
2 6 0.871885
3 6 1.03513
4 6 0.832953
5 6 1.03349
6 6 0.657241
7 6 0.666192
8 6 0.654786
9 6 0.641226
10 6 0.6195
11 6 0.640077
12 6 0.642391
13 6 0.698813
14 6 0.724969
15 6 0.700168
16 6 0.66773
17 6 0.725478
18 6 0.887517
19 6 0.908936
20 6 1.00718

0 7 1.00569
1 7 0.996921
2 7 1.05103
3 7 1.08449
4 7 1.12671
5 7 1.1495
6 7 0.680141
7 7 0.761798
8 7 0.660157
9 7 0.691242
10 7 0.730626
11 7 0.657473
12 7 0.622046
13 7 0.580996
14 7 0.676717
15 7 0.630336
16 7 0.677113
17 7 0.794988
18 7 1.04393
19 7 0.959099
20 7 0.978171

0 8 1.14806
1 8 1.1845
2 8 1.36957
3 8 1.04996
4 8 1.03089
5 8 0.626493
6 8 0.611968
7 8 0.678026
8 8 0.657057
9 8 0.683671
10 8 0.790433
11 8 0.591239
12 8 0.615015
13 8 0.614874
14 8 0.640574
15 8 0.660172
16 8 0.842587
17 8 0.80698
18 8 0.82054
19 8 0.774836
20 8 0.769752

0 9 0.760717
1 9 0.984822
2 9 1.28758
3 9 1.20994
4 9 0.718459
5 9 0.819047
6 9 0.730882
7 9 0.670516
8 9 0.568327
9 9 0.655324
10 9 0.766999
11 9 0.578422
12 9 0.604835
13 9 0.612626
14 9 0.572341
15 9 0.575686
16 9 0.637698
17 9 0.775913
18 9 0.655055
19 9 0.844874
20 9 0.820935

0 10 0.656732
1 10 0.738717
2 10 0.947444
3 10 0.893933
4 10 0.698777
5 10 0.898376
6 10 0.779967
7 10 0.787343
8 10 0.662834
9 10 0.558325
10 10 0.824143
11 10 0.648888
12 10 0.56885
13 10 0.54289
14 10 0.55018
15 10 0.562781
16 10 0.556219
17 10 0.56383
18 10 0.537883
19 10 0.77404
20 10 0.870784

0 11 0.523481
1 11 0.559751
2 11 0.623293
3 11 0.584031
4 11 0.544287
5 11 0.539646
6 11 0.611791
7 11 0.662266
8 11 0.644735
9 11 0.621111
10 11 0.576821
11 11 0.577728
12 11 0.557252
13 11 0.548095
14 11 0.566207
15 11 0.623172
16 11 0.574476
17 11 0.582698
18 11 0.550655
19 11 0.717336
20 11 0.843027

0 12 0.489919
1 12 0.50091
2 12 0.532316
3 12 0.544132
4 12 0.631526
5 12 0.568825
6 12 0.5509
7 12 0.629022
8 12 0.629371
9 12 0.548123
10 12 0.53611
11 12 0.614623
12 12 0.620564
13 12 0.547289
14 12 0.562959
15 12 0.661339
16 12 0.724961
17 12 0.615056
18 12 0.558356
19 12 0.581858
20 12 0.754445

0 13 0.470373
1 13 0.484871
2 13 0.52318
3 13 0.527728
4 13 0.634346
5 13 0.644579
6 13 0.565361
7 13 0.545256
8 13 0.560203
9 13 0.579904
10 13 0.565453
11 13 0.621913
12 13 0.546759
13 13 0.56546
14 13 0.571232
15 13 0.737699
16 13 0.653167
17 13 0.561454
18 13 0.529037
19 13 0.556019
20 13 0.52344

0 14 0.472853
1 14 0.484775
2 14 0.530092
3 14 0.535411
4 14 0.550569
5 14 0.553876
6 14 0.946604
7 14 1.08639
8 14 0.791803
9 14 0.889481
10 14 0.812311
11 14 0.641992
12 14 0.57742
13 14 0.560324
14 14 0.851737
15 14 0.897744
16 14 0.737169
17 14 0.623339
18 14 0.537176
19 14 0.57783
20 14 0.510835

0 15 0.47861
1 15 0.49606
2 15 0.559289
3 15 0.555519
4 15 0.636279
5 15 0.731536
6 15 0.707798
7 15 0.731109
8 15 0.726085
9 15 0.806659
10 15 0.809499
11 15 0.649206
12 15 0.614659
13 15 0.627501
14 15 0.816613
15 15 0.859311
16 15 0.76572
17 15 0.594354
18 15 0.579558
19 15 0.590114
20 15 0.575208

0 16 0.475088
1 16 0.490302
2 16 0.519203
3 16 0.548855
4 16 0.723707
5 16 0.872609
6 16 0.928534
7 16 1.03962
8 16 0.757623
9 16 0.678474
10 16 0.671394
11 16 0.662013
12 16 0.63071
13 16 0.648146
14 16 0.705482
15 16 0.803487
16 16 0.739652
17 16 0.625178
18 16 0.573029
19 16 0.555437
20 16 0.582841

0 17 0.455683
1 17 0.47587
2 17 0.566293
3 17 0.661513
4 17 0.796004
5 17 0.913311
6 17 0.904203
7 17 1.05164
8 17 1.14446
9 17 0.777417
10 17 0.619539
11 17 0.692398
12 17 0.778066
13 17 0.655598
14 17 0.659246
15 17 0.728437
16 17 0.662769
17 17 0.576431
18 17 0.572273
19 17 0.572378
20 17 0.704865

0 18 0.47369
1 18 0.486611
2 18 0.546674
3 18 0.594128
4 18 0.691677
5 18 0.907761
6 18 0.93635
7 18 1.04295
8 18 1.18969
9 18 0.867294
10 18 0.800491
11 18 0.802711
12 18 0.721059
13 18 0.63333
14 18 0.650219
15 18 0.767442
16 18 0.947185
17 18 0.606328
18 18 0.65295
19 18 0.730198
20 18 0.732864

0 19 0.580339
1 19 0.625825
2 19 0.638397
3 19 0.63461
4 19 0.784714
5 19 0.871062
6 19 0.891672
7 19 0.874855
8 19 1.23683
9 19 0.88864
10 19 0.930752
11 19 0.886541
12 19 0.666255
13 19 0.598147
14 19 0.630261
15 19 0.718016
16 19 1.07745
17 19 1.18997
18 19 0.890604
19 19 0.811163
20 19 0.756051

0 20 0.697155
1 20 0.764476
2 20 0.739135
3 20 0.75482
4 20 0.769133
5 20 0.82801
6 20 0.810998
7 20 0.850844
8 20 0.866015
9 20 0.745665
10 20 0.656834
11 20 0.819833
12 20 0.666685
13 20 0.580113
14 20 0.576086
15 20 0.636146
16 20 1.37617
17 20 1.1827
18 20 0.864856
19 20 0.780136
20 20 0.644998

